1617840000000,171.37000000,172.80000000,171.14000000,172.10000000,573.29191000,1617840059999,98733.85182660,268,319.32703000,54970.16711780,0
1617840060000,172.10000000,172.25000000,171.80000000,172.11000000,324.79597000,1617840119999,55880.43618240,129,188.18532000,32379.88047890,0
1617840120000,172.13000000,172.20000000,170.94000000,171.04000000,294.49859000,1617840179999,50478.80225050,199,109.29608000,18729.91467460,0
1617840180000,171.06000000,171.22000000,170.76000000,171.10000000,127.50719000,1617840239999,21799.57436090,91,70.72679000,12094.13144060,0
1617840240000,171.16000000,171.21000000,170.70000000,170.70000000,169.21822000,1617840299999,28932.10744000,69,38.61228000,6606.54983450,0
1617840300000,170.73000000,171.25000000,170.55000000,170.85000000,261.69436000,1617840359999,44737.38936570,156,157.92734000,26987.30251350,0
1617840360000,170.86000000,170.86000000,170.26000000,170.26000000,202.48159000,1617840419999,34515.05395570,148,95.76200000,16326.08836100,0
1617840420000,170.26000000,170.69000000,170.23000000,170.32000000,47.29781000,1617840479999,8063.69007750,45,24.91686000,4246.19621810,0
1617840480000,170.32000000,170.51000000,170.23000000,170.29000000,56.78654000,1617840539999,9673.57234730,47,48.23243000,8216.28591090,0
1617840540000,170.28000000,170.49000000,170.21000000,170.49000000,44.60934000,1617840599999,7598.07838730,29,39.34829000,6701.72427050,0
1617840600000,170.38000000,171.11000000,170.29000000,171.11000000,88.37427000,1617840659999,15082.02231950,73,59.44020000,10148.39368310,0
1617840660000,171.12000000,171.71000000,171.12000000,171.71000000,80.90994000,1617840719999,13873.88319240,79,76.81836000,13172.75049010,0
1617840720000,171.69000000,171.71000000,171.33000000,171.66000000,31.98527000,1617840779999,5486.27700730,41,0.93235000,160.00174360,0
1617840780000,171.66000000,172.28000000,171.66000000,172.28000000,66.50058000,1617840839999,11438.33201370,92,44.66546000,7682.52096130,0
1617840840000,172.30000000,173.06000000,172.28000000,173.06000000,126.82145000,1617840899999,21892.91434480,117,106.08081000,18315.83254960,0
1617840900000,172.95000000,173.10000000,172.65000000,173.10000000,122.15382000,1617840959999,21123.85906510,78,27.73055000,4795.69295090,0
1617840960000,173.09000000,173.75000000,172.97000000,173.60000000,89.59832000,1617841019999,15534.39573440,101,80.82469000,14012.29643430,0
1617841020000,173.60000000,174.36000000,173.49000000,174.36000000,135.95061000,1617841079999,23659.72731430,127,107.72889000,18755.00855750,0
1617841080000,174.36000000,174.42000000,173.20000000,173.91000000,462.33095000,1617841139999,80381.54064860,201,228.95808000,39828.76724810,0
1617841140000,173.92000000,174.51000000,173.85000000,174.13000000,971.35946000,1617841199999,169084.97606570,145,656.17392000,114152.03757560,0
1617841200000,174.07000000,174.18000000,173.47000000,173.55000000,363.28177000,1617841259999,63181.14081060,162,202.33423000,35202.52201580,0
1617841260000,173.51000000,173.59000000,172.92000000,173.46000000,325.28760000,1617841319999,56347.38890220,169,181.70396000,31472.74502530,0
1617841320000,173.44000000,173.44000000,172.74000000,172.80000000,164.84887000,1617841379999,28525.33152190,95,79.96722000,13843.64128600,0
1617841380000,172.83000000,173.31000000,172.82000000,173.05000000,47.96999000,1617841439999,8301.56817590,57,31.11543000,5384.02498460,0
1617841440000,173.09000000,173.65000000,172.62000000,172.78000000,158.98006000,1617841499999,27531.52471610,145,63.76559000,11054.10222060,0
1617841500000,172.76000000,172.83000000,172.03000000,172.13000000,181.86276000,1617841559999,31344.78652730,132,49.37188000,8507.42258580,0
1617841560000,172.04000000,172.34000000,171.59000000,171.67000000,303.12558000,1617841619999,52115.57152700,153,96.15953000,16542.25244840,0
1617841620000,171.67000000,172.24000000,171.67000000,171.72000000,191.03703000,1617841679999,32847.94758480,106,111.46129000,19159.90849720,0
1617841680000,171.69000000,172.44000000,171.67000000,172.32000000,110.83037000,1617841739999,19091.46254190,64,85.06275000,14651.37411940,0
1617841740000,172.30000000,172.66000000,172.23000000,172.44000000,35.70570000,1617841799999,6155.46090920,43,21.30361000,3672.91868210,0
1617841800000,172.50000000,172.50000000,171.89000000,172.09000000,60.08130000,1617841859999,10344.29729090,68,12.80019000,2202.47219350,0
1617841860000,172.12000000,172.16000000,171.83000000,171.95000000,51.59353000,1617841919999,8872.78459260,28,34.61796000,5954.13779130,0
1617841920000,171.84000000,171.84000000,171.30000000,171.53000000,116.68491000,1617841979999,20021.83094300,107,35.16754000,6034.77690420,0
1617841980000,171.62000000,172.10000000,171.62000000,172.10000000,63.89115000,1617842039999,10980.69682380,66,54.04174000,9289.01429800,0
1617842040000,172.12000000,172.33000000,171.88000000,171.88000000,77.69416000,1617842099999,13375.53536820,57,40.02928000,6892.99842410,0
1617842100000,171.92000000,171.93000000,171.51000000,171.51000000,63.33029000,1617842159999,10880.54808550,45,19.71654000,3388.84696750,0
1617842160000,171.57000000,172.10000000,171.57000000,172.10000000,30.55763000,1617842219999,5249.74342610,39,28.71814000,4933.80177040,0
1617842220000,172.10000000,172.75000000,172.10000000,172.66000000,159.38208000,1617842279999,27498.55228320,91,104.31234000,17995.54057940,0
1617842280000,172.76000000,172.76000000,172.50000000,172.66000000,53.66645000,1617842339999,9263.31078130,27,10.61958000,1832.94999920,0
1617842340000,172.78000000,173.30000000,172.78000000,173.24000000,65.47400000,1617842399999,11329.04867470,89,33.74499000,5838.98801790,0
1617842400000,173.23000000,173.50000000,173.01000000,173.31000000,64.64091000,1617842459999,11201.37121810,49,32.86422000,5695.88423720,0
1617842460000,173.21000000,173.42000000,173.09000000,173.13000000,26.26246000,1617842519999,4551.27084700,26,20.88468000,3620.16976660,0
1617842520000,173.18000000,173.50000000,173.03000000,173.10000000,77.69517000,1617842579999,13465.27633950,39,49.02176000,8492.83742570,0
1617842580000,173.14000000,173.64000000,173.12000000,173.57000000,74.90480000,1617842639999,12996.05565330,70,30.98701000,5376.44278540,0
1617842640000,173.66000000,173.78000000,173.63000000,173.68000000,126.32023000,1617842699999,21939.59788650,41,36.65250000,6366.33069410,0
1617842700000,173.68000000,173.86000000,173.45000000,173.45000000,68.04983000,1617842759999,11814.70828720,29,56.30041000,9775.33260360,0
1617842760000,173.49000000,173.51000000,172.71000000,173.15000000,370.92914000,1617842819999,64173.18631720,164,61.23293000,10595.79808930,0
1617842820000,173.25000000,173.37000000,172.76000000,173.00000000,137.53279000,1617842879999,23789.44516530,62,102.95828000,17808.85422440,0
1617842880000,173.01000000,173.26000000,173.01000000,173.02000000,46.23377000,1617842939999,8004.30341510,37,33.77459000,5848.11635970,0
1617842940000,173.21000000,173.42000000,173.13000000,173.14000000,48.64686000,1617842999999,8428.15894150,39,19.12838000,3315.23634640,0
1617843000000,173.19000000,173.51000000,173.19000000,173.51000000,67.76945000,1617843059999,11747.51030850,28,60.22001000,10438.68208850,0
1617843060000,173.49000000,173.90000000,173.49000000,173.90000000,152.71398000,1617843119999,26520.27226280,73,127.15461000,22080.25079430,0
1617843120000,173.91000000,174.00000000,173.67000000,173.88000000,147.16910000,1617843179999,25580.71103460,50,90.24575000,15689.12259120,0
1617843180000,173.91000000,174.13000000,173.83000000,173.97000000,73.53681000,1617843239999,12791.76656110,48,31.82143000,5536.18907200,0
1617843240000,174.05000000,174.05000000,173.48000000,173.56000000,93.10823000,1617843299999,16165.78081490,58,21.17736000,3679.05437760,0
1617843300000,173.65000000,173.84000000,173.65000000,173.84000000,91.22459000,1617843359999,15852.56204140,26,91.22459000,15852.56204140,0
1617843360000,173.85000000,173.85000000,173.45000000,173.46000000,165.37912000,1617843419999,28702.92579750,64,31.79626000,5519.13330410,0
1617843420000,173.53000000,173.61000000,173.25000000,173.48000000,39.21801000,1617843479999,6802.00586700,36,22.20727000,3853.19760110,0
1617843480000,173.39000000,173.60000000,173.30000000,173.60000000,46.55751000,1617843539999,8071.36824700,22,40.36767000,6998.52465870,0
1617843540000,173.62000000,173.86000000,173.29000000,173.29000000,101.00391000,1617843599999,17526.31079900,60,53.28149000,9250.93505550,0
1617843600000,173.33000000,173.61000000,173.26000000,173.44000000,500.63759000,1617843659999,86829.29171840,96,232.32311000,40291.74200980,0
1617843660000,173.40000000,173.40000000,172.69000000,172.94000000,250.24673000,1617843719999,43283.59587540,132,87.74079000,15179.27072420,0
1617843720000,172.87000000,172.90000000,172.54000000,172.65000000,172.45182000,1617843779999,29783.60472380,63,91.03265000,15721.78989910,0
1617843780000,172.62000000,172.62000000,172.32000000,172.34000000,68.98846000,1617843839999,11898.10471370,61,27.56407000,4752.45920400,0
1617843840000,172.32000000,172.59000000,172.20000000,172.34000000,59.97618000,1617843899999,10342.53250450,47,23.45073000,4043.03409880,0
1617843900000,172.29000000,172.34000000,171.89000000,171.91000000,97.73041000,1617843959999,16813.72418820,73,34.94396000,6009.86887550,0
1617843960000,172.07000000,172.23000000,171.94000000,172.08000000,40.30686000,1617844019999,6937.56634310,34,32.52476000,5597.91642780,0
1617844020000,172.11000000,172.12000000,171.58000000,171.59000000,53.31600000,1617844079999,9160.10429250,80,15.55821000,2672.90757130,0
1617844080000,171.61000000,172.09000000,171.61000000,172.09000000,76.11962000,1617844139999,13080.38920650,57,30.79535000,5295.46511100,0
1617844140000,172.01000000,172.48000000,171.96000000,172.46000000,51.56157000,1617844199999,8880.87085900,51,25.76403000,4439.78768900,0
1617844200000,172.48000000,172.92000000,172.48000000,172.55000000,113.60393000,1617844259999,19623.59667540,102,58.74939000,10149.18437440,0
1617844260000,172.70000000,172.82000000,172.56000000,172.81000000,67.61337000,1617844319999,11678.82299360,26,56.00206000,9674.11086970,0
1617844320000,172.68000000,172.68000000,172.20000000,172.44000000,83.00981000,1617844379999,14313.27916650,98,36.74977000,6336.59227280,0
1617844380000,172.42000000,172.54000000,172.24000000,172.52000000,65.08966000,1617844439999,11219.51759870,38,26.16048000,4509.86279690,0
1617844440000,172.54000000,172.98000000,172.54000000,172.92000000,93.34996000,1617844499999,16132.95115240,68,69.77201000,12058.40011940,0
1617844500000,172.90000000,173.39000000,172.90000000,173.23000000,74.14483000,1617844559999,12836.10538720,78,18.39497000,3185.86654060,0
1617844560000,173.28000000,173.58000000,173.27000000,173.55000000,98.07641000,1617844619999,17015.12998470,58,53.60316000,9298.51029920,0
1617844620000,173.60000000,173.94000000,173.60000000,173.83000000,349.31697000,1617844679999,60707.43383450,136,254.76725000,44276.18616670,0
1617844680000,173.87000000,173.87000000,173.48000000,173.61000000,226.85528000,1617844739999,39396.53941800,100,97.95346000,17017.06583120,0
1617844740000,173.62000000,173.74000000,173.35000000,173.55000000,73.30906000,1617844799999,12721.20512010,53,39.55478000,6863.57618930,0
1617844800000,173.60000000,173.86000000,173.54000000,173.64000000,231.41591000,1617844859999,40204.98646460,52,199.13770000,34598.37151580,0
1617844860000,173.64000000,173.95000000,173.64000000,173.85000000,170.32530000,1617844919999,29604.40525300,68,84.50401000,14685.70243890,0
1617844920000,173.85000000,174.24000000,173.83000000,174.09000000,155.37204000,1617844979999,27044.06179170,91,54.51026000,9485.09490360,0
1617844980000,174.13000000,174.13000000,173.77000000,173.90000000,144.42977000,1617845039999,25119.06382060,43,85.28045000,14829.66217740,0
1617845040000,174.02000000,174.30000000,173.98000000,174.30000000,43.52079000,1617845099999,7576.68179000,53,33.26924000,5791.66764760,0
1617845100000,174.27000000,174.37000000,174.17000000,174.26000000,38.28461000,1617845159999,6671.24316070,45,23.36468000,4071.13198230,0
1617845160000,174.24000000,174.40000000,174.15000000,174.39000000,75.40184000,1617845219999,13140.09653240,24,20.20044000,3520.63165330,0
1617845220000,174.37000000,174.37000000,173.91000000,174.10000000,135.79805000,1617845279999,23643.51667700,76,74.85834000,13034.58678250,0
1617845280000,174.11000000,174.47000000,174.07000000,174.26000000,305.19407000,1617845339999,53208.97881170,64,282.51058000,49255.92048450,0
1617845340000,174.23000000,174.47000000,174.05000000,174.15000000,220.41707000,1617845399999,38401.88943290,81,107.57315000,18741.67014550,0
1617845400000,174.16000000,174.25000000,173.85000000,174.06000000,133.96072000,1617845459999,23314.06475330,76,95.99305000,16703.53781730,0
1617845460000,174.06000000,174.06000000,173.69000000,173.76000000,91.14726000,1617845519999,15843.66176840,60,33.95845000,5905.35716030,0
1617845520000,173.73000000,174.26000000,173.73000000,174.16000000,116.16310000,1617845579999,20223.45297240,62,99.35947000,17298.25999200,0
1617845580000,174.11000000,174.41000000,174.11000000,174.17000000,225.95457000,1617845639999,39380.07185950,63,34.82986000,6068.25535630,0
1617845640000,174.16000000,174.28000000,173.95000000,174.10000000,221.18266000,1617845699999,38514.96322530,87,147.31811000,25656.20474050,0
1617845700000,174.10000000,174.58000000,174.10000000,174.57000000,75.51535000,1617845759999,13170.05087730,76,71.91821000,12542.63464840,0
1617845760000,174.57000000,174.60000000,174.31000000,174.51000000,121.46740000,1617845819999,21193.35202190,51,49.53264000,8642.33750740,0
1617845820000,174.58000000,174.84000000,174.58000000,174.61000000,268.72993000,1617845879999,46943.90291490,101,163.50550000,28560.66209540,0
1617845880000,174.72000000,174.93000000,174.52000000,174.72000000,101.06493000,1617845939999,17664.85696940,68,79.86918000,13961.63399700,0
1617845940000,174.66000000,174.84000000,174.36000000,174.84000000,151.83774000,1617845999999,26507.44081300,84,121.76143000,21258.69117570,0
1617846000000,174.83000000,175.28000000,174.83000000,175.14000000,590.58891000,1617846059999,103418.69181370,198,345.41094000,60465.89848400,0
1617846060000,175.20000000,175.40000000,175.09000000,175.13000000,131.19672000,1617846119999,22987.62668540,69,61.33954000,10745.43027680,0
1617846120000,175.13000000,175.27000000,174.69000000,174.69000000,214.85451000,1617846179999,37610.64062230,123,100.80390000,17646.00163320,0
1617846180000,174.70000000,175.31000000,174.70000000,175.27000000,122.55290000,1617846239999,21456.93707840,74,114.48253000,20043.72196730,0
1617846240000,175.30000000,175.95000000,175.15000000,175.81000000,884.70348000,1617846299999,155289.13120930,316,536.27500000,94114.35696250,0
1617846300000,175.78000000,175.89000000,175.57000000,175.66000000,115.84717000,1617846359999,20354.31092350,90,70.95268000,12466.52357640,0
1617846360000,175.63000000,175.76000000,175.34000000,175.37000000,148.75173000,1617846419999,26101.66242030,120,33.10373000,5810.60807900,0
1617846420000,175.52000000,175.54000000,175.16000000,175.17000000,150.28573000,1617846479999,26342.25101730,107,45.44332000,7966.43095510,0
1617846480000,175.16000000,175.20000000,174.83000000,175.10000000,101.05698000,1617846539999,17692.52362960,89,45.81849000,8022.04420110,0
1617846540000,175.10000000,175.50000000,175.10000000,175.32000000,115.14105000,1617846599999,20181.55308140,79,82.91639000,14533.58570530,0
1617846600000,175.50000000,175.66000000,175.30000000,175.31000000,156.49194000,1617846659999,27461.16378300,68,22.17590000,3893.15060150,0
1617846660000,175.34000000,175.42000000,175.18000000,175.27000000,25.72642000,1617846719999,4509.54814890,25,20.47093000,3588.45293670,0
1617846720000,175.23000000,175.50000000,175.21000000,175.21000000,118.95720000,1617846779999,20851.14540780,39,93.81812000,16443.00076650,0
1617846780000,175.24000000,176.09000000,175.24000000,175.84000000,566.38347000,1617846839999,99575.27873970,240,374.20754000,65773.48717780,0
1617846840000,175.68000000,175.95000000,175.41000000,175.47000000,282.01089000,1617846899999,49542.18894100,144,94.34522000,16582.98921780,0
1617846900000,175.50000000,175.74000000,175.42000000,175.57000000,126.50126000,1617846959999,22211.85019060,65,73.59323000,12922.04759440,0
1617846960000,175.55000000,175.84000000,175.47000000,175.84000000,53.90027000,1617847019999,9467.00345390,35,43.25544000,7598.10236550,0
1617847020000,175.80000000,175.80000000,175.40000000,175.65000000,323.27966000,1617847079999,56732.29144980,79,175.18932000,30739.75745220,0
1617847080000,175.54000000,175.58000000,175.42000000,175.58000000,94.22180000,1617847139999,16532.15304630,26,52.87301000,9275.33811850,0
1617847140000,175.47000000,175.62000000,175.29000000,175.38000000,86.61596000,1617847199999,15198.81567390,51,39.50830000,6934.96441750,0
1617847200000,175.39000000,175.52000000,174.89000000,174.91000000,329.19675000,1617847259999,57686.09088950,132,94.74122000,16612.37789530,0
1617847260000,174.90000000,175.40000000,174.87000000,175.34000000,97.91611000,1617847319999,17139.84984990,71,71.01506000,12430.65236450,0
1617847320000,175.35000000,175.38000000,175.27000000,175.34000000,31.80044000,1617847379999,5575.37217450,30,4.04009000,708.39659200,0
1617847380000,175.39000000,175.39000000,175.03000000,175.30000000,142.85948000,1617847439999,25022.75930610,63,49.99139000,8757.34207960,0
1617847440000,175.32000000,175.36000000,174.62000000,174.81000000,342.87882000,1617847499999,59934.61279350,140,250.10025000,43710.86891100,0
1617847500000,174.80000000,174.80000000,174.23000000,174.32000000,193.61171000,1617847559999,33766.67554100,110,91.08848000,15882.01131810,0
1617847560000,174.35000000,174.76000000,174.29000000,174.71000000,60.23158000,1617847619999,10510.12562100,53,29.72017000,5187.23252020,0
1617847620000,174.73000000,174.73000000,174.44000000,174.49000000,39.73719000,1617847679999,6936.09195340,33,12.08093000,2109.48623560,0
1617847680000,174.47000000,174.47000000,174.07000000,174.40000000,161.97939000,1617847739999,28226.86494450,88,84.71260000,14763.66048090,0
1617847740000,174.41000000,174.45000000,174.05000000,174.45000000,70.62781000,1617847799999,12304.33989310,49,22.98230000,4005.76948240,0
1617847800000,174.45000000,174.54000000,174.43000000,174.52000000,58.55335000,1617847859999,10215.80975940,31,9.11291000,1589.93038530,0
1617847860000,174.50000000,174.51000000,174.37000000,174.37000000,11.30370000,1617847919999,1971.47653600,14,8.64818000,1508.29765060,0
1617847920000,174.49000000,174.51000000,174.20000000,174.26000000,159.33180000,1617847979999,27782.81931320,55,98.77779000,17220.89156860,0
1617847980000,174.27000000,174.48000000,174.27000000,174.41000000,7.66118000,1617848039999,1336.18440540,17,3.76398000,656.52507320,0
1617848040000,174.48000000,174.49000000,174.33000000,174.35000000,39.59936000,1617848099999,6906.58217390,17,15.39021000,2683.30396950,0
1617848100000,174.30000000,174.41000000,174.19000000,174.30000000,23.46249000,1617848159999,4088.76288380,33,17.40161000,3032.16336530,0
1617848160000,174.31000000,174.56000000,174.25000000,174.56000000,33.71871000,1617848219999,5880.71412290,25,20.65818000,3603.80882480,0
1617848220000,174.55000000,174.74000000,174.48000000,174.74000000,25.65747000,1617848279999,4479.86119170,37,11.13109000,1944.18401890,0
1617848280000,174.74000000,174.92000000,174.68000000,174.80000000,76.36531000,1617848339999,13348.71788370,52,14.53603000,2541.32066020,0
1617848340000,174.81000000,174.85000000,174.29000000,174.34000000,144.28709000,1617848399999,25181.41231460,62,32.58725000,5683.25587220,0
1617848400000,174.35000000,174.76000000,174.35000000,174.68000000,23.61560000,1617848459999,4122.42087650,42,13.19271000,2303.21273830,0
1617848460000,174.71000000,174.78000000,174.55000000,174.70000000,4.89474000,1617848519999,854.85219740,15,0.64808000,113.21335560,0
1617848520000,174.58000000,174.64000000,174.39000000,174.39000000,15.47941000,1617848579999,2700.52024830,27,9.75452000,1701.70708350,0
1617848580000,174.37000000,174.44000000,174.22000000,174.22000000,32.45036000,1617848639999,5657.03125500,48,11.87753000,2070.38902210,0
1617848640000,174.22000000,174.34000000,174.08000000,174.08000000,24.09854000,1617848699999,4197.16564340,31,12.51670000,2179.86133160,0
1617848700000,174.07000000,174.14000000,173.72000000,173.98000000,462.60355000,1617848759999,80448.89737720,126,289.77437000,50389.49620780,0
1617848760000,173.96000000,174.10000000,173.78000000,173.93000000,82.42372000,1617848819999,14335.50686410,50,39.46083000,6861.68655580,0
1617848820000,173.85000000,173.99000000,173.63000000,173.97000000,81.82521000,1617848879999,14220.93256460,88,42.15745000,7323.82236760,0
1617848880000,173.99000000,174.13000000,173.80000000,173.80000000,73.13753000,1617848939999,12727.94333050,55,9.69711000,1686.93838470,0
1617848940000,173.89000000,174.12000000,173.89000000,174.06000000,118.87171000,1617848999999,20681.06582520,54,82.53352000,14357.91579660,0
1617849000000,174.00000000,174.00000000,173.10000000,173.24000000,405.25579000,1617849059999,70399.88173320,171,69.26351000,12019.91711730,0
1617849060000,173.28000000,173.73000000,173.28000000,173.60000000,41.09931000,1617849119999,7128.65685840,51,32.37569000,5615.37978720,0
1617849120000,173.59000000,174.25000000,173.59000000,173.91000000,131.42897000,1617849179999,22863.30070220,113,63.13802000,10984.30736170,0
1617849180000,173.91000000,173.97000000,173.35000000,173.72000000,413.11846000,1617849239999,71761.10865790,207,196.49676000,34129.78502530,0
1617849240000,173.74000000,174.10000000,173.68000000,173.97000000,138.51497000,1617849299999,24085.75280100,83,81.59503000,14189.75294310,0
1617849300000,173.88000000,173.90000000,173.64000000,173.89000000,48.39804000,1617849359999,8410.29664300,53,26.99940000,4690.92556930,0
1617849360000,173.90000000,173.90000000,173.41000000,173.45000000,162.18587000,1617849419999,28141.01020310,94,26.87807000,4666.25970370,0
1617849420000,173.58000000,173.75000000,173.39000000,173.49000000,125.03235000,1617849479999,21698.95346800,67,27.36340000,4749.56122380,0
1617849480000,173.47000000,173.68000000,173.27000000,173.68000000,70.89178000,1617849539999,12301.37438340,41,58.62636000,10173.65278910,0
1617849540000,173.67000000,173.72000000,173.37000000,173.45000000,152.70662000,1617849599999,26494.55973080,77,89.21818000,15478.95376200,0
1617849600000,173.55000000,173.55000000,173.41000000,173.52000000,46.96655000,1617849659999,8148.45103240,36,35.65211000,6185.16695610,0
1617849660000,173.51000000,173.55000000,173.29000000,173.46000000,32.76261000,1617849719999,5681.01346220,33,9.90884000,1718.77170770,0
1617849720000,173.51000000,173.74000000,173.15000000,173.23000000,247.03947000,1617849779999,42857.22274860,110,72.97429000,12654.18506830,0
1617849780000,173.32000000,173.39000000,173.02000000,173.34000000,118.53022000,1617849839999,20530.56019600,66,65.96264000,11425.41824030,0
1617849840000,173.33000000,173.55000000,173.21000000,173.21000000,64.42170000,1617849899999,11169.37053040,48,21.52948000,3733.04165870,0
1617849900000,173.19000000,173.25000000,173.05000000,173.15000000,16.76907000,1617849959999,2903.49394580,19,6.94592000,1202.48731150,0
1617849960000,173.22000000,173.64000000,173.22000000,173.64000000,250.97288000,1617850019999,43538.97070420,64,227.26567000,39425.22026080,0
1617850020000,173.66000000,173.99000000,173.66000000,173.86000000,143.78631000,1617850079999,24993.96470170,78,66.80964000,11615.48212150,0
1617850080000,173.88000000,173.99000000,173.88000000,173.91000000,229.55717000,1617850139999,39938.55515580,29,229.12331000,39863.11151410,0
1617850140000,173.81000000,173.81000000,173.39000000,173.43000000,82.64070000,1617850199999,14342.11135300,64,33.83665000,5871.24064930,0
1617850200000,173.44000000,173.84000000,173.44000000,173.77000000,36.77008000,1617850259999,6385.32057420,41,21.34541000,3706.25683880,0
1617850260000,173.81000000,174.21000000,173.80000000,174.20000000,129.26948000,1617850319999,22490.58249830,60,98.21664000,17084.82491430,0
1617850320000,174.20000000,174.45000000,174.01000000,174.01000000,341.80707000,1617850379999,59562.75011760,89,185.27144000,32292.67799960,0
1617850380000,174.01000000,174.24000000,173.59000000,174.03000000,283.50295000,1617850439999,49320.56035930,152,110.56010000,19222.52187260,0
1617850440000,173.97000000,174.32000000,173.53000000,173.59000000,438.99815000,1617850499999,76388.44454580,145,221.30590000,38511.02462650,0
1617850500000,173.55000000,173.69000000,173.29000000,173.67000000,118.54448000,1617850559999,20574.65395230,94,73.19361000,12704.48791720,0
1617850560000,173.68000000,174.50000000,173.63000000,174.19000000,408.59316000,1617850619999,71148.35126450,191,294.37185000,51237.49980700,0
1617850620000,174.19000000,174.68000000,174.19000000,174.56000000,145.59966000,1617850679999,25401.46970950,74,91.25936000,15918.46747990,0
1617850680000,174.44000000,174.54000000,174.11000000,174.11000000,104.77239000,1617850739999,18262.46568000,66,42.53266000,7414.99934740,0
1617850740000,174.13000000,174.67000000,174.00000000,174.66000000,45.67538000,1617850799999,7963.88301680,95,24.78352000,4322.43020280,0
1617850800000,174.68000000,175.71000000,174.68000000,175.57000000,690.82455000,1617850859999,121212.72303260,274,265.38314000,46555.00630790,0
1617850860000,175.45000000,175.67000000,175.03000000,175.15000000,227.74241000,1617850919999,39942.80951350,112,108.04649000,18949.86927550,0
1617850920000,175.26000000,175.45000000,175.09000000,175.09000000,64.25778000,1617850979999,11270.49179460,47,6.92425000,1213.96815210,0
1617850980000,175.10000000,175.10000000,174.53000000,174.65000000,47.58596000,1617851039999,8313.21332640,76,7.60833000,1329.42602530,0
1617851040000,174.57000000,175.01000000,174.49000000,174.60000000,297.09027000,1617851099999,51910.19617050,95,81.60921000,14261.26915530,0
1617851100000,174.62000000,174.86000000,174.37000000,174.37000000,115.52316000,1617851159999,20177.42568540,71,52.05969000,9095.55056690,0
1617851160000,174.36000000,174.37000000,174.08000000,174.15000000,17.97795000,1617851219999,3132.43586600,39,8.27696000,1442.86572070,0
1617851220000,174.16000000,174.24000000,173.70000000,174.24000000,314.17853000,1617851279999,54652.93898770,162,136.73278000,23788.20646830,0
1617851280000,174.24000000,174.32000000,173.99000000,174.20000000,161.05551000,1617851339999,28050.56231390,81,72.38506000,12609.38187730,0
1617851340000,174.20000000,174.21000000,173.52000000,173.68000000,259.50176000,1617851399999,45097.84467930,121,38.93757000,6775.39476580,0
1617851400000,173.59000000,173.59000000,173.35000000,173.49000000,131.56884000,1617851459999,22824.34663850,85,37.67162000,6534.39806670,0
1617851460000,173.45000000,173.72000000,173.44000000,173.61000000,186.30874000,1617851519999,32338.29200780,66,93.87588000,16295.74930500,0
1617851520000,173.53000000,173.70000000,173.17000000,173.45000000,201.14337000,1617851579999,34890.08101240,125,49.87795000,8654.95458560,0
1617851580000,173.45000000,173.82000000,173.34000000,173.82000000,77.55146000,1617851639999,13465.66406910,51,69.18291000,12014.18863520,0
1617851640000,173.84000000,174.17000000,173.71000000,173.95000000,261.39122000,1617851699999,45465.64120720,109,99.20942000,17253.22628890,0
1617851700000,173.93000000,174.37000000,173.88000000,174.37000000,204.93156000,1617851759999,35698.64004120,62,181.48876000,31614.22973430,0
1617851760000,174.38000000,174.67000000,174.17000000,174.67000000,137.53959000,1617851819999,23989.32475390,112,86.76870000,15136.78094020,0
1617851820000,174.59000000,174.91000000,174.53000000,174.91000000,139.63070000,1617851879999,24399.48594100,60,48.49931000,8475.42272840,0
1617851880000,174.90000000,174.94000000,174.22000000,174.25000000,200.58341000,1617851939999,35016.03980290,90,131.26574000,22921.08789250,0
1617851940000,174.23000000,174.61000000,173.96000000,174.00000000,266.32016000,1617851999999,46412.20163010,110,117.23697000,20427.43390910,0
1617852000000,174.13000000,174.15000000,173.75000000,174.15000000,1398.14159000,1617852059999,243302.69035330,270,380.37336000,66181.86809660,0
1617852060000,174.16000000,174.48000000,174.00000000,174.42000000,473.48635000,1617852119999,82475.45137140,147,252.50291000,43984.18146470,0
1617852120000,174.42000000,174.71000000,174.07000000,174.51000000,713.78881000,1617852179999,124434.00523710,254,372.30134000,64926.25060560,0
1617852180000,174.46000000,175.14000000,174.39000000,175.07000000,246.17687000,1617852239999,43033.72059910,121,132.55675000,23160.92327720,0
1617852240000,175.00000000,175.61000000,174.98000000,175.48000000,114.55968000,1617852299999,20082.91349940,82,73.27358000,12841.91591800,0
1617852300000,175.53000000,175.67000000,175.28000000,175.66000000,596.53320000,1617852359999,104647.77701060,148,107.40242000,18834.09944860,0
1617852360000,175.66000000,176.04000000,175.66000000,175.89000000,392.10266000,1617852419999,68947.87945270,156,114.95108000,20211.78058190,0
1617852420000,176.00000000,176.37000000,176.00000000,176.30000000,187.96675000,1617852479999,33120.50353540,143,124.64851000,21964.17985350,0
1617852480000,176.38000000,176.48000000,176.15000000,176.27000000,501.12640000,1617852539999,88397.64654410,155,219.06248000,38646.21040820,0
1617852540000,176.28000000,176.32000000,175.87000000,176.07000000,318.78774000,1617852599999,56172.75432560,113,67.08997000,11820.06152020,0
1617852600000,176.03000000,176.62000000,176.02000000,176.56000000,107.20897000,1617852659999,18907.73403090,109,81.18497000,14316.72343410,0
1617852660000,176.62000000,176.71000000,176.45000000,176.56000000,210.69970000,1617852719999,37217.63376920,75,164.02034000,28975.44492460,0
1617852720000,176.68000000,176.94000000,176.68000000,176.91000000,148.41166000,1617852779999,26242.22076660,100,96.71797000,17103.27216130,0
1617852780000,176.90000000,176.94000000,176.35000000,176.77000000,190.68716000,1617852839999,33675.40007350,107,25.99549000,4594.33445080,0
1617852840000,176.74000000,176.80000000,176.48000000,176.61000000,59.22977000,1617852899999,10463.12726540,34,36.69464000,6482.08554140,0
1617852900000,176.56000000,177.07000000,176.54000000,176.91000000,122.12319000,1617852959999,21610.66526010,80,82.85039000,14657.80181780,0
1617852960000,176.95000000,176.95000000,176.69000000,176.92000000,109.47894000,1617853019999,19352.10020310,56,62.48521000,11044.64328250,0
1617853020000,176.94000000,176.94000000,176.13000000,176.16000000,311.07863000,1617853079999,54927.90832600,129,78.93401000,13934.72852720,0
1617853080000,176.18000000,176.31000000,176.17000000,176.17000000,44.51958000,1617853139999,7844.76485070,26,23.22356000,4092.38753640,0
1617853140000,176.17000000,176.73000000,176.17000000,176.65000000,399.78090000,1617853199999,70579.05751570,97,327.47826000,57809.43751710,0
1617853200000,176.60000000,177.01000000,176.47000000,176.55000000,170.77526000,1617853259999,30168.73020590,84,61.60425000,10884.16346520,0
1617853260000,176.53000000,176.70000000,176.44000000,176.70000000,105.32364000,1617853319999,18590.16441910,51,92.89864000,16397.10184890,0
1617853320000,176.72000000,176.88000000,176.72000000,176.79000000,22.34575000,1617853379999,3950.79804820,22,6.41046000,1133.29555280,0
1617853380000,176.70000000,176.71000000,176.49000000,176.66000000,75.60553000,1617853439999,13350.32295140,55,21.55987000,3807.63464380,0
1617853440000,176.63000000,176.82000000,176.54000000,176.54000000,37.20871000,1617853499999,6571.75313500,28,15.96226000,2818.68692700,0
1617853500000,176.58000000,177.28000000,176.57000000,177.20000000,139.95567000,1617853559999,24756.95353560,98,116.97652000,20689.27481110,0
1617853560000,177.13000000,177.28000000,177.10000000,177.23000000,50.69643000,1617853619999,8984.66662930,27,12.57389000,2227.98821790,0
1617853620000,177.25000000,177.25000000,176.82000000,177.16000000,76.65777000,1617853679999,13565.62171490,113,44.20406000,7822.46308920,0
1617853680000,177.18000000,177.22000000,176.97000000,176.97000000,29.45781000,1617853739999,5216.34195940,26,13.93472000,2467.93000310,0
1617853740000,176.95000000,177.20000000,176.92000000,177.11000000,70.27334000,1617853799999,12439.89320750,29,64.91127000,11491.14119090,0
1617853800000,177.20000000,177.22000000,176.81000000,177.12000000,222.20854000,1617853859999,39333.49041210,68,67.93615000,12028.17434690,0
1617853860000,177.12000000,177.30000000,177.07000000,177.13000000,152.67625000,1617853919999,27052.09493560,43,33.96445000,6018.43871210,0
1617853920000,177.27000000,177.29000000,177.07000000,177.22000000,36.18777000,1617853979999,6411.18703860,23,23.21221000,4112.74408650,0
1617853980000,177.13000000,177.31000000,177.12000000,177.28000000,105.04271000,1617854039999,18617.40910530,28,64.25973000,11386.97232850,0
1617854040000,177.25000000,177.56000000,177.25000000,177.56000000,165.72211000,1617854099999,29403.48953030,85,77.86669000,13817.38324250,0
1617854100000,177.58000000,177.67000000,177.27000000,177.67000000,264.90964000,1617854159999,47034.85529530,92,67.90287000,12056.37408890,0
1617854160000,177.63000000,177.70000000,177.41000000,177.43000000,173.51100000,1617854219999,30813.90862340,53,10.36540000,1840.49382870,0
1617854220000,177.45000000,177.45000000,176.99000000,177.42000000,143.22054000,1617854279999,25375.20092290,110,38.21423000,6774.10417400,0
1617854280000,177.32000000,177.74000000,177.32000000,177.58000000,191.22452000,1617854339999,33924.54173690,64,170.45850000,30238.58851430,0
1617854340000,177.58000000,177.58000000,177.34000000,177.35000000,337.59046000,1617854399999,59915.74978300,41,29.19558000,5180.24429550,0
1617854400000,177.43000000,177.86000000,177.43000000,177.59000000,279.87458000,1617854459999,49722.96219770,93,233.60672000,41500.22267660,0
1617854460000,177.66000000,177.76000000,177.56000000,177.61000000,137.96079000,1617854519999,24511.27157040,77,115.63528000,20545.27448160,0
1617854520000,177.65000000,178.13000000,177.65000000,178.00000000,211.20270000,1617854579999,37583.32626670,186,163.66220000,29123.72246250,0
1617854580000,177.95000000,178.20000000,177.93000000,178.13000000,105.14029000,1617854639999,18725.39933140,80,64.90708000,11559.84244260,0
1617854640000,178.10000000,178.12000000,177.89000000,177.99000000,215.14575000,1617854699999,38301.29770640,55,60.90454000,10842.82635090,0
1617854700000,178.00000000,178.19000000,178.00000000,178.05000000,411.07289000,1617854759999,73220.64094020,59,264.18634000,47053.23802480,0
1617854760000,177.97000000,178.13000000,177.88000000,177.97000000,35.53512000,1617854819999,6324.62517840,33,8.93127000,1589.99395200,0
1617854820000,178.03000000,178.18000000,177.91000000,178.18000000,57.48050000,1617854879999,10234.28830740,31,42.25040000,7524.30534940,0
1617854880000,178.17000000,178.20000000,177.85000000,177.93000000,97.86804000,1617854939999,17421.14475300,59,50.07212000,8914.55235740,0
1617854940000,178.01000000,178.18000000,178.00000000,178.04000000,57.37412000,1617854999999,10216.60480050,28,26.74399000,4763.23245550,0
1617855000000,178.02000000,178.11000000,178.00000000,178.10000000,32.89475000,1617855059999,5857.25340270,32,12.06442000,2148.37471200,0
1617855060000,178.15000000,178.16000000,177.89000000,178.00000000,70.84714000,1617855119999,12613.44828440,36,22.74909000,4050.53066200,0
1617855120000,178.00000000,178.01000000,177.93000000,178.01000000,26.94478000,1617855179999,4795.08977470,11,20.75859000,3694.07354040,0
1617855180000,177.99000000,178.07000000,177.87000000,178.07000000,116.87456000,1617855239999,20797.74830940,53,58.07361000,10333.19438970,0
1617855240000,178.09000000,178.09000000,177.61000000,177.63000000,217.07748000,1617855299999,38607.83100720,136,26.61067000,4735.31386270,0
1617855300000,177.61000000,177.88000000,177.53000000,177.84000000,118.67122000,1617855359999,21091.27867920,48,104.93974000,18649.94162830,0
1617855360000,177.86000000,177.86000000,176.69000000,176.69000000,496.22911000,1617855419999,87913.31347970,228,63.58829000,11269.64188580,0
1617855420000,176.69000000,177.18000000,176.67000000,177.07000000,585.40776000,1617855479999,103638.62724220,131,259.59448000,45949.78660160,0
1617855480000,177.09000000,177.50000000,177.08000000,177.50000000,100.54346000,1617855539999,17825.43970100,51,94.32562000,16724.28083980,0
1617855540000,177.50000000,177.68000000,177.42000000,177.66000000,55.05084000,1617855599999,9773.27945620,50,27.20792000,4830.37399300,0
1617855600000,177.56000000,178.09000000,177.56000000,177.61000000,451.10876000,1617855659999,80224.72160310,122,369.52800000,65709.11679680,0
1617855660000,177.68000000,177.75000000,177.26000000,177.41000000,379.81220000,1617855719999,67365.71131250,91,78.60153000,13942.64379450,0
1617855720000,177.46000000,177.66000000,177.46000000,177.65000000,66.50919000,1617855779999,11809.07868010,30,26.51979000,4708.56388930,0
1617855780000,177.56000000,177.66000000,177.43000000,177.66000000,59.07348000,1617855839999,10487.05686290,38,40.49297000,7188.89875810,0
1617855840000,177.60000000,177.92000000,177.48000000,177.65000000,148.52784000,1617855899999,26391.69993430,54,66.75165000,11864.01599090,0
1617855900000,177.67000000,177.94000000,177.67000000,177.79000000,136.08879000,1617855959999,24204.63283350,31,83.80862000,14907.71666400,0
1617855960000,177.79000000,177.91000000,177.64000000,177.70000000,183.83251000,1617856019999,32678.15112640,38,113.18256000,20122.76661710,0
1617856020000,177.70000000,177.83000000,177.38000000,177.41000000,128.80109000,1617856079999,22884.73618690,57,88.77667000,15776.92472370,0
1617856080000,177.39000000,177.39000000,177.28000000,177.37000000,51.62575000,1617856139999,9153.81602180,23,11.76947000,2087.53113030,0
1617856140000,177.27000000,177.47000000,177.12000000,177.14000000,41.54243000,1617856199999,7367.02177860,44,17.23239000,3056.76061070,0
1617856200000,177.18000000,177.61000000,177.18000000,177.51000000,87.01945000,1617856259999,15441.51533950,44,46.58607000,8262.31837870,0
1617856260000,177.56000000,177.56000000,177.13000000,177.31000000,148.87221000,1617856319999,26389.91848200,51,16.28552000,2887.82140310,0
1617856320000,177.32000000,177.48000000,177.25000000,177.27000000,103.88389000,1617856379999,18427.60608930,46,46.71470000,8287.07535070,0
1617856380000,177.24000000,177.27000000,177.23000000,177.23000000,18.75165000,1617856439999,3323.65598220,13,9.47131000,1678.75506480,0
1617856440000,177.25000000,177.45000000,177.23000000,177.31000000,135.29537000,1617856499999,23990.12788260,34,77.74649000,13787.81900710,0
1617856500000,177.37000000,177.45000000,177.26000000,177.28000000,75.21020000,1617856559999,13337.19375550,31,25.27364000,4483.25628220,0
1617856560000,177.32000000,177.52000000,177.32000000,177.49000000,87.73889000,1617856619999,15570.53129210,29,83.03593000,14736.01683980,0
1617856620000,177.52000000,177.69000000,177.43000000,177.63000000,130.85614000,1617856679999,23230.50066470,66,72.71898000,12911.64243770,0
1617856680000,177.62000000,177.94000000,177.51000000,177.75000000,154.39816000,1617856739999,27432.05647920,57,150.54302000,26746.73771320,0
1617856740000,177.90000000,178.06000000,177.90000000,178.05000000,91.89130000,1617856799999,16356.55719360,41,77.76239000,13841.93820930,0
1617856800000,178.06000000,178.14000000,177.83000000,177.83000000,43.93281000,1617856859999,7821.06095030,36,19.35033000,3446.33359130,0
1617856860000,177.85000000,178.16000000,177.85000000,178.13000000,129.46369000,1617856919999,23050.94720430,48,100.84046000,17952.62270850,0
1617856920000,178.14000000,178.28000000,178.11000000,178.28000000,177.76885000,1617856979999,31682.32523650,52,140.37603000,25019.90226010,0
1617856980000,178.21000000,178.21000000,178.08000000,178.08000000,57.00200000,1617857039999,10153.79785860,14,15.94539000,2840.84555950,0
1617857040000,178.13000000,178.22000000,178.05000000,178.21000000,68.15318000,1617857099999,12137.11339030,23,55.14048000,9819.68123320,0
1617857100000,178.14000000,178.19000000,177.79000000,177.79000000,184.80545000,1617857159999,32894.09910640,65,14.70515000,2619.28944990,0
1617857160000,177.80000000,177.89000000,177.50000000,177.54000000,105.92151000,1617857219999,18821.50985730,56,56.02069000,9955.95177320,0
1617857220000,177.49000000,177.82000000,177.37000000,177.74000000,49.50929000,1617857279999,8792.32775730,51,22.82857000,4055.02130950,0
1617857280000,177.70000000,177.74000000,177.47000000,177.74000000,13.02775000,1617857339999,2314.19487020,25,6.84140000,1215.50227370,0
1617857340000,177.72000000,177.74000000,177.55000000,177.61000000,81.89811000,1617857399999,14546.67461500,25,21.25649000,3776.73729560,0
1617857400000,177.58000000,177.66000000,177.48000000,177.66000000,106.84537000,1617857459999,18968.36301070,27,100.83165000,17900.73455630,0
1617857460000,177.66000000,177.66000000,177.39000000,177.51000000,202.12974000,1617857519999,35882.51781330,50,76.30918000,13547.08725020,0
1617857520000,177.55000000,177.55000000,177.42000000,177.49000000,31.86517000,1617857579999,5654.74952750,15,13.56461000,2407.30303560,0
1617857580000,177.53000000,177.70000000,177.45000000,177.52000000,46.63040000,1617857639999,8280.25292190,35,32.31830000,5739.36249580,0
1617857640000,177.59000000,177.98000000,177.56000000,177.95000000,92.97199000,1617857699999,16524.29649570,64,76.21561000,13546.85354110,0
1617857700000,177.98000000,178.16000000,177.89000000,177.96000000,95.93174000,1617857759999,17084.36447060,58,15.15242000,2698.06654890,0
1617857760000,177.96000000,178.08000000,177.75000000,177.76000000,27.81187000,1617857819999,4949.00295220,39,17.46433000,3108.34209910,0
1617857820000,177.83000000,177.98000000,177.76000000,177.98000000,79.75177000,1617857879999,14186.46207580,29,54.51199000,9695.42634290,0
1617857880000,178.00000000,178.02000000,177.98000000,178.00000000,7.70696000,1617857939999,1371.87255240,10,3.34739000,595.84627000,0
1617857940000,177.89000000,178.38000000,177.89000000,178.12000000,728.06623000,1617857999999,129647.10905080,134,631.34682000,112412.30954200,0
1617858000000,178.20000000,178.38000000,178.20000000,178.36000000,112.02488000,1617858059999,19974.96989040,30,102.33474000,18247.42316260,0
1617858060000,178.38000000,178.51000000,178.37000000,178.37000000,168.58364000,1617858119999,30075.92971430,71,138.47806000,24703.55050040,0
1617858120000,178.37000000,178.54000000,178.37000000,178.49000000,55.40291000,1617858179999,9888.34832310,30,50.96071000,9095.83889380,0
1617858180000,178.50000000,178.63000000,178.40000000,178.40000000,79.66030000,1617858239999,14223.27749890,50,69.88951000,12479.87087520,0
1617858240000,178.42000000,178.52000000,178.29000000,178.31000000,39.59632000,1617858299999,7066.06118260,31,14.90605000,2660.12740280,0
1617858300000,178.38000000,178.43000000,178.31000000,178.42000000,41.79141000,1617858359999,7454.47414520,29,21.04954000,3755.22756610,0
1617858360000,178.40000000,178.41000000,177.99000000,177.99000000,72.54119000,1617858419999,12926.51476850,66,8.59545000,1533.19764830,0
1617858420000,178.01000000,178.31000000,178.01000000,178.25000000,32.30140000,1617858479999,5755.20071150,27,29.08618000,5181.90712250,0
1617858480000,178.25000000,178.29000000,178.13000000,178.17000000,29.56611000,1617858539999,5268.66837650,18,19.32176000,3443.19634540,0
1617858540000,178.23000000,178.29000000,177.97000000,178.09000000,49.53811000,1617858599999,8824.16193930,33,16.75644000,2984.64683700,0
1617858600000,178.03000000,178.03000000,177.45000000,177.45000000,240.42136000,1617858659999,42747.07178370,115,29.12607000,5179.69294140,0
1617858660000,177.52000000,177.78000000,177.52000000,177.68000000,45.52040000,1617858719999,8088.91728890,43,38.29416000,6804.70911570,0
1617858720000,177.68000000,177.75000000,177.54000000,177.72000000,98.67461000,1617858779999,17524.66483510,40,11.44627000,2034.34530750,0
1617858780000,177.74000000,177.74000000,177.38000000,177.48000000,132.86358000,1617858839999,23577.44810650,48,80.31230000,14251.62257950,0
1617858840000,177.51000000,177.51000000,177.35000000,177.35000000,42.96990000,1617858899999,7624.04237380,23,33.73443000,5985.62818910,0
1617858900000,177.36000000,177.43000000,177.36000000,177.37000000,50.36815000,1617858959999,8934.98718370,25,40.59292000,7200.83472510,0
1617858960000,177.50000000,177.55000000,177.42000000,177.43000000,49.26559000,1617859019999,8743.58341560,17,42.96970000,7626.06195450,0
1617859020000,177.42000000,177.48000000,177.37000000,177.37000000,136.91960000,1617859079999,24290.50961600,30,90.29866000,16019.84127760,0
1617859080000,177.35000000,177.35000000,177.17000000,177.17000000,88.52723000,1617859139999,15692.88489000,50,41.73303000,7398.88748460,0
1617859140000,177.17000000,177.27000000,177.15000000,177.24000000,33.08053000,1617859199999,5860.86093500,17,17.82457000,3158.25843420,0
1617859200000,177.25000000,177.32000000,177.24000000,177.25000000,35.16423000,1617859259999,6233.36155140,19,26.31895000,4665.30485650,0
1617859260000,177.25000000,177.25000000,177.20000000,177.20000000,7.38144000,1617859319999,1308.17750110,7,0.07320000,12.97396800,0
1617859320000,177.20000000,177.23000000,177.15000000,177.18000000,61.37386000,1617859379999,10873.97409120,23,42.81115000,7585.16738110,0
1617859380000,177.16000000,177.35000000,177.14000000,177.32000000,50.80022000,1617859439999,9003.22433050,27,37.36450000,6622.22055090,0
1617859440000,177.27000000,177.48000000,177.27000000,177.45000000,198.67172000,1617859499999,35234.15115670,30,130.83972000,23203.95502030,0
1617859500000,177.45000000,177.45000000,177.23000000,177.23000000,15.07364000,1617859559999,2672.78540720,14,6.81605000,1208.16495340,0
1617859560000,177.29000000,177.38000000,177.05000000,177.05000000,111.43007000,1617859619999,19747.14242930,47,32.03285000,5677.96356960,0
1617859620000,177.05000000,177.25000000,177.00000000,177.21000000,54.22556000,1617859679999,9606.77864180,37,26.70994000,4732.64257610,0
1617859680000,177.20000000,177.28000000,177.20000000,177.28000000,37.19936000,1617859739999,6592.14755740,10,33.59660000,5953.70245780,0
1617859740000,177.30000000,177.46000000,177.23000000,177.25000000,93.73899000,1617859799999,16623.92912340,34,20.48348000,3634.23309710,0
1617859800000,177.28000000,177.35000000,177.21000000,177.21000000,86.01545000,1617859859999,15245.82082770,24,3.01075000,533.63670490,0
1617859860000,177.32000000,177.46000000,177.28000000,177.38000000,71.34296000,1617859919999,12650.89069510,20,20.93618000,3713.00361210,0
1617859920000,177.38000000,177.41000000,177.25000000,177.28000000,58.55475000,1617859979999,10386.21041420,16,6.84372000,1213.34108720,0
1617859980000,177.29000000,177.37000000,177.24000000,177.24000000,44.02042000,1617860039999,7804.83225440,12,20.90422000,3706.48648660,0
1617860040000,177.22000000,177.22000000,177.07000000,177.08000000,96.80221000,1617860099999,17149.93985220,39,47.72287000,8454.66702090,0
1617860100000,177.08000000,177.08000000,176.93000000,177.00000000,74.99814000,1617860159999,13274.48114170,54,39.06635000,6914.05492380,0
1617860160000,177.01000000,177.19000000,176.91000000,176.91000000,76.35838000,1617860219999,13518.08976530,47,40.82702000,7229.35589640,0
1617860220000,177.00000000,177.00000000,176.37000000,176.53000000,291.21010000,1617860279999,51462.88960320,172,56.90291000,10044.31610050,0
1617860280000,176.53000000,176.58000000,176.40000000,176.40000000,7.41925000,1617860339999,1309.64944400,9,1.03909000,183.39142250,0
1617860340000,176.40000000,176.75000000,176.35000000,176.75000000,185.92494000,1617860399999,32828.85209510,79,133.90046000,23646.30073540,0
1617860400000,176.72000000,176.73000000,176.23000000,176.32000000,111.95713000,1617860459999,19752.94850610,81,33.21330000,5860.04989690,0
1617860460000,176.40000000,176.46000000,176.23000000,176.26000000,12.22297000,1617860519999,2155.08061490,14,8.97271000,1581.99899130,0
1617860520000,176.33000000,176.33000000,176.10000000,176.10000000,115.41630000,1617860579999,20342.05177200,41,66.43395000,11710.05973300,0
1617860580000,176.20000000,176.32000000,176.13000000,176.14000000,102.40964000,1617860639999,18049.13541210,22,53.62279000,9449.10525880,0
1617860640000,176.13000000,176.44000000,176.13000000,176.42000000,98.26881000,1617860699999,17316.94987960,37,79.38873000,13987.89782150,0
1617860700000,176.46000000,176.74000000,176.46000000,176.64000000,57.97074000,1617860759999,10238.34138790,39,48.91869000,8639.56457700,0
1617860760000,176.66000000,176.71000000,176.43000000,176.50000000,50.96726000,1617860819999,9000.41647300,28,13.63274000,2407.46325090,0
1617860820000,176.43000000,176.45000000,176.21000000,176.22000000,37.50121000,1617860879999,6614.41446500,30,31.43959000,5545.48486270,0
1617860880000,176.28000000,176.28000000,176.22000000,176.28000000,9.30793000,1617860939999,1640.44628320,8,5.86093000,1033.00510440,0
1617860940000,176.33000000,176.65000000,176.28000000,176.59000000,73.49033000,1617860999999,12967.30018560,37,58.06110000,10243.57594890,0
1617861000000,176.66000000,176.80000000,176.66000000,176.76000000,38.91668000,1617861059999,6876.89894270,28,14.30868000,2528.26283040,0
1617861060000,176.78000000,176.80000000,176.53000000,176.63000000,55.45475000,1617861119999,9798.73214260,26,47.11811000,8325.80547310,0
1617861120000,176.63000000,176.70000000,176.51000000,176.52000000,217.54661000,1617861179999,38429.42501190,30,193.53792000,34188.72780200,0
1617861180000,176.52000000,176.52000000,176.20000000,176.20000000,16.69557000,1617861239999,2943.89281020,32,2.10116000,370.54981700,0
1617861240000,176.22000000,176.39000000,176.22000000,176.23000000,30.60175000,1617861299999,5394.66414060,16,18.47586000,3256.55513980,0
1617861300000,176.31000000,176.48000000,176.01000000,176.03000000,53.82891000,1617861359999,9483.93092790,57,17.08692000,3012.83470370,0
1617861360000,176.10000000,176.17000000,175.97000000,176.02000000,65.86786000,1617861419999,11593.10461860,35,8.08202000,1422.88504700,0
1617861420000,176.00000000,176.04000000,175.91000000,175.95000000,122.85657000,1617861479999,21621.37983150,40,107.83186000,18976.91560490,0
1617861480000,175.91000000,175.93000000,175.83000000,175.83000000,19.28620000,1617861539999,3392.40480750,19,7.41007000,1303.47154720,0
1617861540000,175.92000000,176.34000000,175.84000000,176.34000000,59.87029000,1617861599999,10539.52695610,51,56.25475000,9903.19725570,0
1617861600000,176.36000000,176.80000000,176.28000000,176.52000000,193.78655000,1617861659999,34205.67254940,99,69.06662000,12195.43386540,0
1617861660000,176.52000000,176.64000000,176.40000000,176.40000000,56.20789000,1617861719999,9920.27500810,36,42.48513000,7498.28641970,0
1617861720000,176.43000000,176.54000000,176.24000000,176.54000000,58.25505000,1617861779999,10276.71649510,46,28.61606000,5048.15968390,0
1617861780000,176.49000000,176.70000000,176.39000000,176.67000000,40.27576000,1617861839999,7109.16673270,32,24.00127000,4237.30797220,0
1617861840000,176.67000000,176.76000000,176.60000000,176.68000000,38.85333000,1617861899999,6863.21103710,26,21.49544000,3797.36450520,0
1617861900000,176.71000000,176.96000000,176.67000000,176.82000000,91.69209000,1617861959999,16211.29613160,50,65.58327000,11596.23387610,0
1617861960000,176.87000000,177.08000000,176.82000000,177.05000000,29.28875000,1617862019999,5182.20494630,31,17.86469000,3161.37636990,0
1617862020000,177.01000000,177.25000000,177.01000000,177.22000000,80.98025000,1617862079999,14344.00964320,49,23.27674000,4123.89514780,0
1617862080000,177.25000000,177.58000000,177.25000000,177.58000000,50.49186000,1617862139999,8958.75745040,65,40.24890000,7140.71441220,0
1617862140000,177.59000000,178.06000000,177.59000000,177.84000000,147.43119000,1617862199999,26207.08769580,117,66.36618000,11799.66077150,0
1617862200000,177.86000000,178.04000000,177.73000000,178.00000000,110.36505000,1617862259999,19635.97509130,48,97.59646000,17365.62544730,0
1617862260000,177.99000000,178.31000000,177.98000000,178.16000000,205.01958000,1617862319999,36536.42221920,90,193.11367000,34414.08344260,0
1617862320000,178.13000000,178.20000000,177.71000000,178.19000000,418.73965000,1617862379999,74543.43310190,116,185.09725000,32942.62231610,0
1617862380000,178.17000000,178.31000000,178.06000000,178.31000000,205.16372000,1617862439999,36550.00209270,59,129.94971000,23153.08742470,0
1617862440000,178.27000000,178.69000000,178.27000000,178.69000000,73.26191000,1617862499999,13081.03860950,89,68.01349000,12143.72238770,0
1617862500000,178.64000000,178.64000000,177.87000000,177.98000000,184.54096000,1617862559999,32897.25435090,127,102.80671000,18328.20478990,0
1617862560000,177.96000000,178.19000000,177.83000000,178.10000000,462.66386000,1617862619999,82350.68973910,100,125.08970000,22263.59021410,0
1617862620000,178.10000000,178.42000000,178.10000000,178.30000000,231.20328000,1617862679999,41218.86947380,83,189.83604000,33842.00416120,0
1617862680000,178.31000000,178.61000000,178.29000000,178.53000000,89.69674000,1617862739999,16001.00131130,65,76.42330000,13633.44414240,0
1617862740000,178.35000000,178.35000000,177.91000000,177.95000000,52.53333000,1617862799999,9358.33834810,65,28.34486000,5050.58648890,0
1617862800000,177.99000000,178.32000000,177.97000000,178.21000000,56.06157000,1617862859999,9984.37719130,44,50.05622000,8915.14318380,0
1617862860000,178.13000000,178.36000000,178.13000000,178.36000000,31.44454000,1617862919999,5604.97207770,28,29.94281000,5337.46049540,0
1617862920000,178.36000000,178.59000000,178.34000000,178.53000000,60.84425000,1617862979999,10859.27597660,52,43.50579000,7764.71706670,0
1617862980000,178.47000000,178.56000000,178.25000000,178.46000000,23.26541000,1617863039999,4150.22452490,37,14.17861000,2529.47647340,0
1617863040000,178.39000000,178.56000000,178.29000000,178.56000000,31.79120000,1617863099999,5671.50885590,27,14.51465000,2590.28688080,0
1617863100000,178.56000000,178.61000000,178.39000000,178.40000000,89.66614000,1617863159999,15998.28508960,44,25.69233000,4585.79572290,0
1617863160000,178.43000000,178.49000000,178.40000000,178.41000000,23.18682000,1617863219999,4136.99219230,23,17.17862000,3065.05374340,0
1617863220000,178.40000000,178.57000000,178.40000000,178.46000000,91.23112000,1617863279999,16281.19206930,53,76.23856000,13605.50209520,0
1617863280000,178.37000000,178.39000000,178.13000000,178.20000000,85.76056000,1617863339999,15284.86654540,51,31.88429000,5685.43456250,0
1617863340000,178.14000000,178.22000000,177.86000000,178.15000000,93.35644000,1617863399999,16618.76523110,86,51.25615000,9127.27037810,0
1617863400000,178.17000000,178.37000000,177.95000000,177.98000000,55.72609000,1617863459999,9927.93068480,47,9.42645000,1680.48873940,0
1617863460000,178.00000000,178.00000000,177.58000000,177.82000000,116.48256000,1617863519999,20709.77780290,63,43.83189000,7790.55507550,0
1617863520000,177.77000000,178.00000000,177.77000000,178.00000000,70.80366000,1617863579999,12599.20893680,35,40.11704000,7139.56315980,0
1617863580000,178.02000000,178.14000000,177.98000000,178.11000000,66.03217000,1617863639999,11758.43047060,31,25.18978000,4486.25121830,0
1617863640000,178.11000000,178.32000000,178.05000000,178.23000000,87.47647000,1617863699999,15583.51908760,36,77.02615000,13721.90278360,0
1617863700000,178.25000000,178.55000000,178.13000000,178.31000000,211.86069000,1617863759999,37790.52728260,72,184.18557000,32857.83596670,0
1617863760000,178.30000000,178.46000000,178.20000000,178.26000000,91.44034000,1617863819999,16303.41707740,38,56.09024000,10002.02950300,0
1617863820000,178.36000000,178.65000000,178.33000000,178.58000000,31.32902000,1617863879999,5591.30136290,32,29.05320000,5185.36291990,0
1617863880000,178.60000000,179.10000000,178.58000000,179.04000000,352.55677000,1617863939999,63087.78484490,138,310.34229000,55535.99595500,0
1617863940000,179.06000000,179.09000000,178.67000000,178.69000000,67.48777000,1617863999999,12071.24336490,68,9.34906000,1673.60136830,0
1617864000000,178.69000000,178.78000000,178.59000000,178.70000000,118.05590000,1617864059999,21093.53118280,44,13.80801000,2467.50665860,0
1617864060000,178.77000000,179.09000000,178.77000000,179.06000000,83.91646000,1617864119999,15020.70405550,50,73.47880000,13152.56203610,0
1617864120000,179.05000000,179.09000000,179.04000000,179.09000000,9.64771000,1617864179999,1727.60626850,11,5.63993000,1009.98335080,0
1617864180000,179.08000000,179.11000000,178.85000000,178.85000000,80.03992000,1617864239999,14327.79827920,38,10.15704000,1819.03852390,0
1617864240000,178.83000000,178.85000000,178.45000000,178.68000000,298.18998000,1617864299999,53277.27223820,88,36.01491000,6435.56258520,0
1617864300000,178.70000000,179.01000000,178.70000000,178.90000000,42.85494000,1617864359999,7665.94643860,50,40.51557000,7247.33266560,0
1617864360000,178.88000000,179.14000000,178.79000000,179.14000000,334.04457000,1617864419999,59757.58799370,63,320.47751000,57329.77725830,0
1617864420000,179.15000000,179.18000000,178.89000000,179.18000000,65.24499000,1617864479999,11682.33654720,42,41.29298000,7393.53617970,0
1617864480000,179.19000000,179.22000000,179.09000000,179.20000000,21.79012000,1617864539999,3904.52566480,26,7.55364000,1353.55081900,0
1617864540000,179.20000000,179.22000000,178.90000000,178.94000000,90.27771000,1617864599999,16164.30453550,50,24.69725000,4421.22780730,0
1617864600000,178.95000000,179.19000000,178.95000000,179.19000000,39.17225000,1617864659999,7012.31806740,28,27.42594000,4909.95325380,0
1617864660000,179.18000000,179.18000000,179.08000000,179.16000000,81.30683000,1617864719999,14564.00529140,26,70.83921000,12688.73702100,0
1617864720000,179.16000000,179.17000000,179.01000000,179.03000000,112.62454000,1617864779999,20170.20431070,23,3.49216000,625.51040660,0
1617864780000,179.06000000,179.12000000,178.88000000,179.05000000,112.33370000,1617864839999,20108.87709540,44,44.54884000,7973.50305740,0
1617864840000,179.05000000,179.05000000,178.81000000,178.92000000,47.59777000,1617864899999,8514.81757790,36,10.87189000,1945.48528360,0
1617864900000,178.81000000,178.92000000,178.80000000,178.80000000,12.13276000,1617864959999,2170.03168730,15,4.02173000,719.38928460,0
1617864960000,178.93000000,179.28000000,178.93000000,179.04000000,86.86359000,1617865019999,15563.42649890,57,55.19657000,9889.25017440,0
1617865020000,179.13000000,179.19000000,178.99000000,179.00000000,37.69490000,1617865079999,6751.34486220,28,23.94025000,4288.70809210,0
1617865080000,178.98000000,179.33000000,178.98000000,179.31000000,39.14641000,1617865139999,7012.96381570,35,37.19984000,6664.41813920,0
1617865140000,179.33000000,179.48000000,179.26000000,179.36000000,88.95349000,1617865199999,15954.49498490,63,48.35188000,8672.47792640,0
1617865200000,179.45000000,179.72000000,179.35000000,179.64000000,216.53580000,1617865259999,38887.63315870,130,164.41371000,29528.54461200,0
1617865260000,179.66000000,179.80000000,179.59000000,179.79000000,152.33061000,1617865319999,27377.76062410,74,120.88593000,21727.70293680,0
1617865320000,179.67000000,179.77000000,178.76000000,178.80000000,305.30603000,1617865379999,54742.95651040,225,66.83613000,11988.56324310,0
1617865380000,178.80000000,179.21000000,178.80000000,179.21000000,92.53584000,1617865439999,16563.80683480,72,77.00613000,13783.70783820,0
1617865440000,179.20000000,179.25000000,178.83000000,178.89000000,104.06549000,1617865499999,18637.90916970,66,7.67943000,1375.54922320,0
1617865500000,178.91000000,178.99000000,178.43000000,178.45000000,108.75858000,1617865559999,19441.76407360,101,60.37514000,10793.70245100,0
1617865560000,178.45000000,178.68000000,178.38000000,178.51000000,194.37865000,1617865619999,34708.03563120,90,102.02541000,18218.99289190,0
1617865620000,178.54000000,178.62000000,178.20000000,178.20000000,73.32073000,1617865679999,13079.58246920,60,19.38090000,3459.07751600,0
1617865680000,178.32000000,178.36000000,178.10000000,178.19000000,24.30519000,1617865739999,4331.39003800,34,5.10816000,910.38484750,0
1617865740000,178.21000000,178.27000000,178.00000000,178.10000000,37.88811000,1617865799999,6748.78689900,52,10.52718000,1875.31649380,0
1617865800000,178.02000000,178.24000000,177.90000000,178.01000000,72.70330000,1617865859999,12947.81329160,53,31.06095000,5532.04432380,0
1617865860000,178.01000000,178.19000000,177.93000000,178.12000000,18.29071000,1617865919999,3257.16395270,31,8.00992000,1427.04829580,0
1617865920000,178.10000000,178.13000000,177.79000000,177.85000000,96.77379000,1617865979999,17221.47183190,53,37.09374000,6599.18733830,0
1617865980000,177.90000000,178.28000000,177.81000000,178.20000000,73.29593000,1617866039999,13047.79743770,57,61.36271000,10922.01401360,0
1617866040000,178.20000000,178.87000000,178.16000000,178.87000000,175.95125000,1617866099999,31423.60333720,117,102.95625000,18387.48420870,0
1617866100000,178.87000000,179.10000000,178.55000000,178.55000000,96.22470000,1617866159999,17214.16612150,88,30.00729000,5370.54203170,0
1617866160000,178.53000000,178.55000000,177.89000000,178.09000000,130.05804000,1617866219999,23180.42435890,108,44.60316000,7954.28405490,0
1617866220000,178.03000000,178.30000000,177.85000000,177.85000000,114.60924000,1617866279999,20415.67658020,86,35.64176000,6349.41051370,0
1617866280000,177.84000000,178.05000000,177.73000000,178.00000000,43.01222000,1617866339999,7651.35091570,45,27.67399000,4923.44065080,0
1617866340000,177.91000000,178.12000000,177.81000000,177.99000000,152.27411000,1617866399999,27100.88931950,70,93.46752000,16634.89289810,0
1617866400000,177.94000000,178.12000000,177.91000000,178.03000000,32.53269000,1617866459999,5791.57326100,28,19.54739000,3480.11764500,0
1617866460000,178.02000000,178.11000000,178.02000000,178.08000000,58.51341000,1617866519999,10421.05447830,31,43.63263000,7771.21459360,0
1617866520000,178.10000000,178.11000000,177.85000000,177.85000000,100.71654000,1617866579999,17928.45810580,52,13.83502000,2463.82128050,0
1617866580000,177.83000000,178.02000000,177.64000000,177.96000000,268.29217000,1617866639999,47730.17665290,94,63.93429000,11375.66769810,0
1617866640000,178.00000000,178.48000000,178.00000000,178.26000000,113.70871000,1617866699999,20267.85762050,83,92.13468000,16420.12461340,0
1617866700000,178.27000000,178.28000000,178.00000000,178.00000000,46.47742000,1617866759999,8282.90377350,38,11.08167000,1975.39801840,0
1617866760000,178.00000000,178.00000000,177.45000000,177.51000000,252.26613000,1617866819999,44847.58566370,136,176.28383000,31352.44393800,0
1617866820000,177.50000000,177.58000000,177.30000000,177.35000000,75.68657000,1617866879999,13430.40665400,45,2.82988000,502.29253000,0
1617866880000,177.34000000,178.08000000,177.34000000,177.93000000,134.12184000,1617866939999,23832.97521550,82,110.94945000,19713.74398610,0
1617866940000,177.89000000,178.17000000,177.89000000,178.07000000,28.25306000,1617866999999,5029.14355530,22,23.79200000,4235.40513270,0
1617867000000,178.07000000,178.38000000,177.89000000,177.89000000,78.61271000,1617867059999,14000.25848770,75,31.04907000,5530.29928550,0
1617867060000,177.89000000,177.89000000,177.48000000,177.70000000,75.09295000,1617867119999,13341.11304100,65,7.13889000,1267.81427740,0
1617867120000,177.71000000,177.71000000,177.55000000,177.60000000,39.36591000,1617867179999,6991.83272730,18,28.80161000,5115.15852420,0
1617867180000,177.59000000,177.69000000,177.50000000,177.69000000,80.22831000,1617867239999,14248.79497020,22,58.70812000,10427.64385080,0
1617867240000,177.73000000,177.98000000,177.72000000,177.98000000,75.93776000,1617867299999,13505.41279290,55,72.92190000,12969.17201270,0
1617867300000,177.96000000,177.96000000,177.75000000,177.76000000,10.81625000,1617867359999,1923.61892380,10,5.39841000,960.22425330,0
1617867360000,177.75000000,177.85000000,177.69000000,177.83000000,18.66167000,1617867419999,3317.12213530,24,5.51038000,979.50386980,0
1617867420000,177.91000000,177.91000000,177.72000000,177.73000000,39.19253000,1617867479999,6969.12585680,12,36.32485000,6459.30230080,0
1617867480000,177.80000000,178.43000000,177.80000000,178.38000000,182.32315000,1617867539999,32467.55119820,81,100.15828000,17836.48529370,0
1617867540000,178.38000000,178.46000000,178.09000000,178.20000000,53.52140000,1617867599999,9542.18002160,37,18.03846000,3215.06102110,0
1617867600000,178.18000000,178.66000000,178.18000000,178.66000000,36.59059000,1617867659999,6532.48159700,51,29.56094000,5277.26645460,0
1617867660000,178.57000000,178.68000000,178.41000000,178.64000000,53.19386000,1617867719999,9497.31386290,39,29.64354000,5293.07346560,0
1617867720000,178.67000000,179.13000000,178.60000000,178.99000000,90.62416000,1617867779999,16212.36156990,86,74.31100000,13292.04726460,0
1617867780000,179.03000000,179.05000000,178.80000000,178.80000000,104.95549000,1617867839999,18773.27319160,41,30.37757000,5434.93402240,0
1617867840000,178.89000000,179.06000000,178.79000000,179.06000000,64.24578000,1617867899999,11494.61664000,27,61.63447000,11027.49535390,0
1617867900000,179.02000000,179.15000000,178.98000000,179.15000000,44.99217000,1617867959999,8056.83005080,30,44.36517000,7944.59177080,0
1617867960000,179.06000000,179.06000000,178.83000000,178.84000000,96.06130000,1617868019999,17187.46957650,33,42.63956000,7630.56567940,0
1617868020000,178.83000000,178.83000000,178.38000000,178.76000000,45.37802000,1617868079999,8102.73291480,65,23.41421000,4181.03608430,0
1617868080000,178.74000000,179.05000000,178.61000000,179.04000000,101.15392000,1617868139999,18079.85158920,76,77.93331000,13930.44457250,0
1617868140000,178.95000000,179.34000000,178.95000000,179.22000000,27.30200000,1617868199999,4892.56322460,59,24.71316000,4428.54291510,0
1617868200000,179.31000000,179.36000000,178.99000000,179.08000000,39.07213000,1617868259999,6998.25429880,48,8.18052000,1466.04175760,0
1617868260000,179.10000000,179.12000000,178.95000000,178.98000000,25.90606000,1617868319999,4637.18289430,46,9.23439000,1653.03988760,0
1617868320000,179.00000000,179.05000000,178.57000000,178.63000000,39.26701000,1617868379999,7019.99285960,50,26.78044000,4787.45396020,0
1617868380000,178.69000000,178.79000000,178.39000000,178.39000000,120.32044000,1617868439999,21491.71082810,48,26.16916000,4677.36446960,0
1617868440000,178.43000000,178.66000000,178.37000000,178.66000000,103.38693000,1617868499999,18454.14931350,37,90.30944000,16121.17694240,0
1617868500000,178.66000000,178.86000000,178.62000000,178.79000000,40.05886000,1617868559999,7160.23073090,30,18.29664000,3270.34453060,0
1617868560000,178.86000000,179.10000000,178.85000000,178.85000000,163.72892000,1617868619999,29303.20960080,64,116.22454000,20802.72331610,0
1617868620000,178.83000000,178.87000000,178.44000000,178.47000000,35.78214000,1617868679999,6390.67813130,54,18.08244000,3230.48421630,0
1617868680000,178.47000000,178.70000000,178.47000000,178.70000000,126.87902000,1617868739999,22664.48311510,46,40.23322000,7185.76570090,0
1617868740000,178.72000000,179.00000000,178.59000000,178.86000000,263.96491000,1617868799999,47202.24781360,96,165.79550000,29647.50033170,0
1617868800000,178.88000000,179.41000000,178.81000000,179.22000000,179.58357000,1617868859999,32176.39523330,76,80.59155000,14433.02414350,0
1617868860000,179.30000000,179.58000000,179.09000000,179.09000000,293.32855000,1617868919999,52640.72389060,113,159.30408000,28591.63102690,0
1617868920000,179.16000000,179.65000000,179.14000000,179.49000000,168.70097000,1617868979999,30259.30079780,103,126.14025000,22622.89453700,0
1617868980000,179.59000000,179.78000000,179.39000000,179.67000000,261.42159000,1617869039999,46938.97635310,82,41.20691000,7402.65462560,0
1617869040000,179.65000000,179.87000000,179.56000000,179.78000000,155.50940000,1617869099999,27938.47096340,54,47.40837000,8522.69609960,0
1617869100000,179.81000000,179.89000000,179.72000000,179.87000000,68.03303000,1617869159999,12234.86065120,41,50.63757000,9107.92751860,0
1617869160000,179.86000000,179.89000000,179.12000000,179.12000000,122.38997000,1617869219999,21951.71444030,124,20.29239000,3642.23127210,0
1617869220000,179.23000000,179.46000000,179.05000000,179.22000000,82.25862000,1617869279999,14746.46632270,58,45.39726000,8138.90428470,0
1617869280000,179.22000000,179.27000000,179.19000000,179.26000000,25.20540000,1617869339999,4517.67057130,10,20.70013000,3710.29133080,0
1617869340000,179.27000000,179.41000000,179.24000000,179.29000000,42.57357000,1617869399999,7633.80175490,26,42.49234000,7619.24208970,0
1617869400000,179.30000000,179.57000000,179.30000000,179.44000000,82.16831000,1617869459999,14742.17841890,42,46.83936000,8402.63154930,0
1617869460000,179.38000000,179.38000000,179.12000000,179.17000000,68.94913000,1617869519999,12354.63602200,41,56.97596000,10208.86242780,0
1617869520000,179.14000000,179.21000000,179.13000000,179.16000000,35.02421000,1617869579999,6274.60032560,12,15.45244000,2768.70916550,0
1617869580000,179.15000000,179.26000000,179.02000000,179.02000000,181.66973000,1617869639999,32556.16597740,35,151.97529000,27238.79789260,0
1617869640000,179.07000000,179.26000000,179.02000000,179.02000000,137.11203000,1617869699999,24568.23774250,38,44.59335000,7993.03748310,0
1617869700000,179.18000000,179.18000000,178.99000000,178.99000000,72.67070000,1617869759999,13013.17329820,31,37.55963000,6727.59043620,0
1617869760000,178.97000000,179.00000000,178.74000000,178.74000000,134.82942000,1617869819999,24118.20676400,59,96.80229000,17317.70957340,0
1617869820000,178.91000000,179.30000000,178.91000000,178.94000000,147.04364000,1617869879999,26331.97856660,74,30.05763000,5384.25702840,0
1617869880000,178.93000000,178.93000000,178.65000000,178.80000000,61.21557000,1617869939999,10944.49600620,68,21.19562000,3789.20828210,0
1617869940000,178.81000000,178.81000000,178.79000000,178.79000000,54.22656000,1617869999999,9695.34983010,12,47.74922000,8537.26621150,0
1617870000000,178.80000000,179.00000000,178.80000000,178.92000000,43.24628000,1617870059999,7737.50935000,28,29.65519000,5305.72180440,0
1617870060000,178.97000000,179.12000000,178.97000000,179.08000000,206.89288000,1617870119999,37040.52116740,34,202.95388000,36335.42147740,0
1617870120000,179.13000000,179.44000000,179.13000000,179.43000000,96.98866000,1617870179999,17398.11175260,42,78.71065000,14120.37044300,0
1617870180000,179.44000000,179.56000000,179.44000000,179.51000000,33.93470000,1617870239999,6090.06613630,26,15.60143000,2799.59215230,0
1617870240000,179.54000000,179.56000000,179.48000000,179.56000000,5.91408000,1617870299999,1061.63275360,11,4.81604000,864.52310840,0
1617870300000,179.54000000,179.58000000,179.41000000,179.49000000,88.08937000,1617870359999,15811.82122530,37,35.66527000,6401.65371600,0
1617870360000,179.50000000,179.50000000,179.08000000,179.19000000,121.66393000,1617870419999,21814.45743420,52,31.87679000,5715.32485190,0
1617870420000,179.22000000,179.25000000,179.14000000,179.21000000,57.73174000,1617870479999,10345.09280690,21,56.52804000,10129.43940630,0
1617870480000,179.25000000,179.26000000,178.99000000,178.99000000,85.08243000,1617870539999,15238.21340520,51,5.47854000,981.49250560,0
1617870540000,179.21000000,179.24000000,178.83000000,178.87000000,123.09766000,1617870599999,22026.27294060,49,15.94896000,2854.95295270,0
1617870600000,179.00000000,179.12000000,178.95000000,178.95000000,2.65194000,1617870659999,474.74849720,9,2.48194000,444.31169720,0
1617870660000,178.90000000,179.05000000,178.76000000,178.87000000,64.19958000,1617870719999,11481.39528080,36,33.35167000,5964.60162280,0
1617870720000,178.87000000,178.87000000,178.50000000,178.57000000,221.59345000,1617870779999,39592.58842760,76,44.57697000,7963.49067300,0
1617870780000,178.60000000,178.64000000,178.36000000,178.36000000,169.76205000,1617870839999,30293.09106290,72,101.52133000,18112.96677150,0
1617870840000,178.35000000,178.35000000,178.00000000,178.02000000,119.07641000,1617870899999,21207.46456580,89,64.45787000,11479.36825680,0
1617870900000,178.02000000,178.14000000,177.93000000,178.00000000,89.57154000,1617870959999,15948.69491250,37,32.89994000,5857.23081810,0
1617870960000,177.95000000,178.18000000,177.95000000,177.98000000,96.27489000,1617871019999,17137.14944730,37,77.08580000,13721.01651070,0
1617871020000,177.98000000,178.13000000,177.94000000,178.02000000,141.25461000,1617871079999,25144.40007490,48,124.43219000,22149.57511230,0
1617871080000,178.02000000,178.02000000,177.27000000,177.29000000,139.46891000,1617871139999,24793.56738390,132,21.64861000,3845.70571230,0
1617871140000,177.31000000,177.35000000,176.57000000,176.95000000,332.21520000,1617871199999,58751.25843010,229,116.25118000,20549.05612760,0
1617871200000,176.94000000,177.24000000,176.80000000,176.83000000,241.86034000,1617871259999,42803.92035110,91,163.34653000,28913.04977160,0
1617871260000,176.83000000,177.12000000,176.17000000,176.17000000,309.41241000,1617871319999,54672.51688670,169,119.33131000,21085.54731680,0
1617871320000,176.15000000,176.67000000,174.98000000,175.56000000,7241.92946000,1617871379999,1268826.69453190,781,5397.59810000,944976.12818670,0
1617871380000,175.56000000,176.00000000,174.92000000,175.27000000,1379.54279000,1617871439999,241961.09887440,475,621.41908000,109078.42247320,0
1617871440000,175.22000000,175.39000000,174.65000000,174.97000000,542.77322000,1617871499999,94974.73610770,200,314.75263000,55070.73334720,0
1617871500000,174.97000000,176.21000000,174.96000000,175.97000000,627.18893000,1617871559999,110246.64037640,292,330.75807000,58108.98929600,0
1617871560000,175.95000000,176.40000000,175.79000000,176.39000000,534.18371000,1617871619999,94061.86040170,118,459.36165000,80889.42605800,0
1617871620000,176.41000000,176.62000000,176.25000000,176.62000000,344.77331000,1617871679999,60815.41908530,103,331.15609000,58413.89658830,0
1617871680000,176.54000000,176.66000000,176.11000000,176.11000000,360.10201000,1617871739999,63541.56681410,92,68.09502000,12021.00582000,0
1617871740000,176.11000000,176.76000000,176.03000000,176.57000000,129.31498000,1617871799999,22812.68973880,84,109.33008000,19291.32522610,0
1617871800000,176.57000000,176.92000000,176.55000000,176.89000000,104.54811000,1617871859999,18476.93343850,57,78.12800000,13809.31445850,0
1617871860000,176.92000000,176.98000000,176.80000000,176.96000000,184.24685000,1617871919999,32595.16253310,65,81.87746000,14486.64201250,0
1617871920000,176.97000000,177.20000000,176.69000000,177.20000000,196.97744000,1617871979999,34859.20343770,76,125.86463000,22280.47314210,0
1617871980000,177.20000000,177.93000000,176.97000000,177.49000000,1550.30772000,1617872039999,275006.84240380,279,1138.17965000,201943.05456110,0
1617872040000,177.55000000,177.55000000,176.91000000,176.91000000,228.95505000,1617872099999,40587.15928940,120,17.09178000,3031.98563840,0
1617872100000,176.91000000,176.91000000,176.32000000,176.62000000,306.07341000,1617872159999,54057.40742790,155,109.48952000,19339.24649910,0
1617872160000,176.69000000,177.02000000,176.56000000,176.86000000,297.49035000,1617872219999,52619.32717070,89,124.98296000,22100.45641310,0
1617872220000,176.88000000,177.03000000,176.70000000,176.74000000,36.11870000,1617872279999,6388.41394370,31,31.99610000,5659.67515720,0
1617872280000,176.84000000,176.95000000,176.67000000,176.70000000,31.58271000,1617872339999,5582.40866430,35,15.82927000,2798.44636720,0
1617872340000,176.82000000,177.06000000,175.86000000,176.13000000,1350.11200000,1617872399999,238115.18355660,245,92.65523000,16356.74962560,0
1617872400000,176.16000000,176.73000000,176.02000000,176.64000000,381.03248000,1617872459999,67191.09287350,125,126.45793000,22302.78088140,0
1617872460000,176.67000000,176.97000000,176.58000000,176.58000000,677.58002000,1617872519999,119776.14659280,121,391.47470000,69225.13016710,0
1617872520000,176.57000000,176.57000000,176.40000000,176.56000000,71.86025000,1617872579999,12680.83799550,36,63.19578000,11151.63294080,0
1617872580000,176.68000000,176.74000000,176.57000000,176.70000000,78.29641000,1617872639999,13834.20623690,31,22.27073000,3934.96504340,0
1617872640000,176.71000000,176.82000000,176.53000000,176.67000000,148.66489000,1617872699999,26266.08973380,67,51.59576000,9117.56465760,0
1617872700000,176.67000000,176.93000000,176.67000000,176.90000000,47.69485000,1617872759999,8431.80237610,27,21.47196000,3796.41335250,0
1617872760000,176.94000000,177.02000000,176.59000000,176.73000000,176.19403000,1617872819999,31140.86946110,61,126.86923000,22423.70365660,0
1617872820000,176.79000000,177.02000000,176.47000000,176.90000000,185.54943000,1617872879999,32790.56884760,98,93.77023000,16569.50917550,0
1617872880000,176.79000000,176.90000000,176.70000000,176.73000000,34.63327000,1617872939999,6121.85124920,20,9.62319000,1701.16218370,0
1617872940000,176.71000000,176.71000000,176.27000000,176.27000000,56.71869000,1617872999999,10015.70222100,52,2.57274000,453.99502280,0
1617873000000,176.25000000,176.56000000,176.25000000,176.46000000,66.55529000,1617873059999,11746.00322780,22,13.08569000,2308.52953410,0
1617873060000,176.58000000,176.62000000,176.52000000,176.52000000,23.95586000,1617873119999,4230.16220260,15,15.99699000,2824.78436760,0
1617873120000,176.41000000,176.41000000,175.99000000,176.04000000,104.32637000,1617873179999,18379.51573550,68,14.04526000,2473.66008130,0
1617873180000,176.04000000,176.54000000,176.04000000,176.54000000,76.39272000,1617873239999,13462.90644100,40,76.39272000,13462.90644100,0
1617873240000,176.56000000,176.73000000,176.39000000,176.42000000,128.36529000,1617873299999,22667.40690180,51,118.70226000,20961.04359190,0
1617873300000,176.46000000,176.74000000,176.07000000,176.07000000,155.51386000,1617873359999,27437.46501690,74,18.80834000,3319.68446860,0
1617873360000,176.19000000,176.35000000,175.64000000,175.65000000,203.02438000,1617873419999,35717.66492690,114,105.85618000,18623.03091620,0
1617873420000,175.69000000,175.74000000,175.19000000,175.49000000,137.75238000,1617873479999,24164.61527770,107,46.05703000,8077.89324260,0
1617873480000,175.40000000,175.44000000,175.16000000,175.37000000,142.65025000,1617873539999,24995.04740370,42,126.75234000,22208.85428830,0
1617873540000,175.39000000,175.39000000,174.75000000,174.77000000,205.40108000,1617873599999,35941.76976760,108,47.80774000,8363.42473350,0
1617873600000,174.74000000,175.12000000,174.68000000,174.90000000,128.19381000,1617873659999,22420.49893890,142,48.39698000,8465.76334290,0
1617873660000,174.93000000,175.24000000,174.89000000,174.94000000,346.56049000,1617873719999,60682.21089480,98,169.50461000,29683.86547640,0
1617873720000,174.95000000,175.83000000,174.95000000,175.51000000,164.61631000,1617873779999,28876.74673940,108,119.84033000,21013.11088930,0
1617873780000,175.51000000,175.72000000,175.40000000,175.72000000,235.66777000,1617873839999,41370.22150050,77,116.88909000,20518.95022780,0
1617873840000,175.74000000,176.06000000,175.65000000,176.05000000,47.28496000,1617873899999,8317.01329550,44,37.98212000,6681.82655420,0
1617873900000,176.04000000,176.22000000,175.66000000,175.78000000,101.73726000,1617873959999,17895.59966770,83,35.49879000,6241.41317720,0
1617873960000,175.97000000,176.04000000,175.44000000,175.49000000,59.91802000,1617874019999,10525.21846310,56,29.25586000,5140.37232490,0
1617874020000,175.58000000,175.63000000,174.97000000,174.99000000,106.47128000,1617874079999,18657.12926440,79,21.78832000,3823.25708530,0
1617874080000,175.01000000,175.19000000,174.83000000,175.08000000,164.68738000,1617874139999,28818.78630600,56,138.35441000,24210.54617130,0
1617874140000,175.10000000,175.34000000,174.92000000,175.34000000,23.48002000,1617874199999,4111.31389110,32,14.06818000,2464.26220580,0
1617874200000,175.22000000,175.60000000,175.22000000,175.60000000,225.59344000,1617874259999,39581.01374600,76,75.80519000,13299.82500180,0
1617874260000,175.60000000,175.74000000,175.50000000,175.55000000,287.44699000,1617874319999,50467.80775480,58,187.73938000,32958.98397970,0
1617874320000,175.51000000,175.61000000,175.39000000,175.56000000,149.06662000,1617874379999,26164.02696980,51,137.70481000,24169.48970050,0
1617874380000,175.54000000,175.56000000,175.23000000,175.38000000,72.49326000,1617874439999,12718.52116730,55,56.28042000,9875.55740200,0
1617874440000,175.38000000,175.76000000,175.38000000,175.72000000,141.04991000,1617874499999,24776.90006800,45,104.26707000,18313.83951760,0
1617874500000,175.73000000,175.73000000,175.45000000,175.47000000,39.24861000,1617874559999,6891.04799700,26,20.95977000,3681.00785810,0
1617874560000,175.46000000,175.78000000,175.40000000,175.55000000,114.04997000,1617874619999,20033.91168040,45,58.61729000,10292.49321290,0
1617874620000,175.53000000,175.67000000,175.46000000,175.62000000,486.63707000,1617874679999,85393.28783500,31,29.53969000,5187.58451940,0
1617874680000,175.46000000,175.50000000,175.37000000,175.40000000,135.89200000,1617874739999,23844.45480830,15,24.29162000,4263.09128860,0
1617874740000,175.45000000,175.63000000,174.84000000,175.34000000,311.60896000,1617874799999,54646.37564480,146,109.31509000,19167.12937340,0
1617874800000,175.45000000,175.66000000,175.38000000,175.49000000,54.87985000,1617874859999,9633.92186520,48,42.18246000,7405.47493990,0
1617874860000,175.51000000,175.68000000,175.47000000,175.53000000,57.78918000,1617874919999,10145.61340770,35,40.73357000,7152.10266400,0
1617874920000,175.64000000,175.68000000,175.09000000,175.09000000,114.67900000,1617874979999,20112.60046180,62,55.36090000,9710.27556000,0
1617874980000,175.07000000,175.38000000,174.90000000,175.19000000,52.96868000,1617875039999,9271.02029770,60,26.56816000,4650.04489640,0
1617875040000,175.29000000,175.32000000,175.19000000,175.19000000,17.78811000,1617875099999,3117.68758530,13,13.65118000,2392.58528150,0
1617875100000,175.30000000,175.30000000,174.91000000,174.92000000,34.84387000,1617875159999,6100.18111910,37,5.27694000,924.63572780,0
1617875160000,174.93000000,175.08000000,174.89000000,175.08000000,58.78113000,1617875219999,10284.87878500,34,25.52823000,4467.94930430,0
1617875220000,175.06000000,175.27000000,175.03000000,175.25000000,167.03114000,1617875279999,29264.47836860,48,119.54160000,20942.74243270,0
1617875280000,175.14000000,175.21000000,174.90000000,175.10000000,110.67411000,1617875339999,19372.93313480,49,66.71961000,11679.89333130,0
1617875340000,175.10000000,175.10000000,174.86000000,174.97000000,57.66259000,1617875399999,10090.16252600,23,41.77024000,7308.85270730,0
1617875400000,174.91000000,174.98000000,174.81000000,174.81000000,33.65269000,1617875459999,5885.70969220,19,30.56365000,5345.63570960,0
1617875460000,174.81000000,174.81000000,174.21000000,174.30000000,364.46843000,1617875519999,63574.49067480,182,38.42815000,6699.99787450,0
1617875520000,174.21000000,174.21000000,173.70000000,173.82000000,118.20927000,1617875579999,20561.27308970,161,32.29909000,5615.77993010,0
1617875580000,173.77000000,173.86000000,173.57000000,173.76000000,155.50338000,1617875639999,27016.53096490,98,64.29310000,11169.00587290,0
1617875640000,173.72000000,174.28000000,173.47000000,174.28000000,133.88721000,1617875699999,23259.41199650,110,98.47532000,17109.59072660,0
1617875700000,174.26000000,174.44000000,173.98000000,174.44000000,144.83123000,1617875759999,25215.50062360,66,36.64437000,6386.87438780,0
1617875760000,174.46000000,174.50000000,174.25000000,174.28000000,43.53088000,1617875819999,7589.31766290,25,29.92907000,5217.96512750,0
1617875820000,174.25000000,174.70000000,174.17000000,174.70000000,110.09076000,1617875879999,19205.24666150,56,70.50098000,12297.09146440,0
1617875880000,174.70000000,174.74000000,174.45000000,174.45000000,49.62049000,1617875939999,8663.18938350,32,16.47091000,2876.21340840,0
1617875940000,174.45000000,174.55000000,174.07000000,174.12000000,343.05842000,1617875999999,59801.16468110,93,115.31916000,20102.70481770,0
1617876000000,174.14000000,174.61000000,174.08000000,174.16000000,258.70746000,1617876059999,45101.40951680,105,150.00337000,26147.51937120,0
1617876060000,174.20000000,174.50000000,173.52000000,173.67000000,331.10310000,1617876119999,57661.02182760,119,153.17456000,26666.28317570,0
1617876120000,173.53000000,173.61000000,173.19000000,173.22000000,127.37826000,1617876179999,22080.73782230,125,58.59170000,10157.95990090,0
1617876180000,173.29000000,173.68000000,173.25000000,173.33000000,265.52072000,1617876239999,46038.30751730,99,93.43528000,16205.15227820,0
1617876240000,173.27000000,173.54000000,173.27000000,173.50000000,100.87630000,1617876299999,17491.13759050,42,17.81405000,3088.05704520,0
1617876300000,173.50000000,173.97000000,173.50000000,173.97000000,59.30526000,1617876359999,10307.41473950,61,49.88612000,8670.00308560,0
1617876360000,173.94000000,173.95000000,173.73000000,173.73000000,102.46089000,1617876419999,17814.94928380,28,34.32671000,5967.81928050,0
1617876420000,173.82000000,173.84000000,173.70000000,173.73000000,24.34672000,1617876479999,4231.28122800,21,21.26396000,3695.69870920,0
1617876480000,173.71000000,173.96000000,173.71000000,173.80000000,523.06074000,1617876539999,90938.00150870,68,429.22166000,74623.65573840,0
1617876540000,173.81000000,173.83000000,173.45000000,173.47000000,148.83285000,1617876599999,25840.92789010,68,26.84115000,4664.57015610,0
1617876600000,173.43000000,173.47000000,172.90000000,172.99000000,148.42359000,1617876659999,25685.78172850,136,49.28740000,8530.46447960,0
1617876660000,173.07000000,173.08000000,172.80000000,172.92000000,276.29472000,1617876719999,47785.60623360,77,247.52764000,42811.37796200,0
1617876720000,172.95000000,173.15000000,172.77000000,172.77000000,76.16749000,1617876779999,13177.44384810,52,17.40299000,3011.45957970,0
1617876780000,172.88000000,172.93000000,172.53000000,172.66000000,637.10292000,1617876839999,110012.56031920,118,143.70094000,24819.22426800,0
1617876840000,172.66000000,172.86000000,172.56000000,172.77000000,66.83784000,1617876899999,11545.52309590,39,35.98159000,6215.36490080,0
1617876900000,172.71000000,173.13000000,172.55000000,172.61000000,166.73865000,1617876959999,28824.16263260,102,74.00126000,12796.59734390,0
1617876960000,172.67000000,172.74000000,172.32000000,172.32000000,183.02336000,1617877019999,31578.01953870,132,80.77434000,13930.94320570,0
1617877020000,172.35000000,172.64000000,172.32000000,172.47000000,204.74566000,1617877079999,35307.97142250,91,189.48356000,32676.00988170,0
1617877080000,172.61000000,172.61000000,172.01000000,172.48000000,438.99050000,1617877139999,75591.77923290,169,212.95292000,36657.03609180,0
1617877140000,172.47000000,172.47000000,171.95000000,172.30000000,334.30624000,1617877199999,57576.58110920,114,91.72563000,15793.54452810,0
1617877200000,172.34000000,172.82000000,172.34000000,172.82000000,133.51526000,1617877259999,23048.78944450,127,105.07315000,18138.92815770,0
1617877260000,172.84000000,173.09000000,172.84000000,173.04000000,96.84809000,1617877319999,16749.06531120,83,35.55753000,6149.22621730,0
1617877320000,173.04000000,173.09000000,172.71000000,172.99000000,63.20459000,1617877379999,10926.83251230,45,28.69086000,4960.59653780,0
1617877380000,172.93000000,173.14000000,172.92000000,173.13000000,97.28409000,1617877439999,16833.24546660,30,64.10609000,11089.34308970,0
1617877440000,173.14000000,173.31000000,173.05000000,173.31000000,55.22571000,1617877499999,9562.08636290,45,16.15047000,2796.37794120,0
1617877500000,173.25000000,173.39000000,173.20000000,173.20000000,32.75736000,1617877559999,5677.37533780,37,18.53365000,3212.75583900,0
1617877560000,173.36000000,173.42000000,173.29000000,173.29000000,7.18453000,1617877619999,1245.65102740,15,0.44409000,77.00653170,0
1617877620000,173.36000000,173.40000000,173.34000000,173.39000000,8.60592000,1617877679999,1491.81528040,13,0.98013000,169.94146300,0
1617877680000,173.33000000,173.42000000,173.05000000,173.28000000,357.49260000,1617877739999,61955.31548870,60,53.95871000,9349.13079820,0
1617877740000,173.27000000,173.30000000,173.05000000,173.05000000,20.71494000,1617877799999,3587.36597640,21,13.70561000,2373.35697180,0
1617877800000,173.05000000,173.13000000,172.64000000,172.74000000,44.24862000,1617877859999,7652.21898350,66,19.69546000,3406.05575660,0
1617877860000,172.76000000,173.24000000,172.72000000,173.10000000,149.08491000,1617877919999,25788.05861200,66,129.91754000,22474.04000100,0
1617877920000,173.17000000,173.61000000,173.17000000,173.51000000,166.72126000,1617877979999,28925.98283230,77,159.79596000,27724.33299380,0
1617877980000,173.60000000,173.90000000,173.60000000,173.87000000,28.96880000,1617878039999,5031.53805600,39,25.81074000,4482.91450280,0
1617878040000,173.84000000,174.17000000,173.71000000,174.17000000,53.53683000,1617878099999,9317.15241770,54,23.97572000,4173.36895800,0
1617878100000,174.17000000,174.46000000,174.11000000,174.33000000,314.12670000,1617878159999,54751.84294870,106,99.02346000,17259.49759990,0
1617878160000,174.36000000,174.38000000,173.98000000,174.13000000,94.64363000,1617878219999,16480.60399040,63,34.41307000,5990.71871230,0
1617878220000,174.14000000,174.34000000,174.05000000,174.34000000,118.01829000,1617878279999,20559.19267010,43,54.76626000,9539.26903350,0
1617878280000,174.31000000,174.40000000,174.22000000,174.37000000,56.77235000,1617878339999,9897.17796420,22,40.97538000,7144.20771560,0
1617878340000,174.31000000,174.31000000,174.02000000,174.09000000,53.75304000,1617878399999,9363.94399460,39,15.66444000,2728.07323070,0
1617878400000,174.13000000,174.47000000,174.06000000,174.47000000,160.01993000,1617878459999,27890.74352820,43,146.89165000,25603.29653400,0
1617878460000,174.41000000,174.52000000,174.38000000,174.48000000,32.34911000,1617878519999,5643.12956280,28,8.40631000,1466.70390570,0
1617878520000,174.54000000,174.56000000,174.19000000,174.19000000,80.25677000,1617878579999,13994.31769580,48,26.69197000,4655.85140370,0
1617878580000,174.22000000,174.55000000,174.22000000,174.54000000,47.26189000,1617878639999,8245.20136470,36,32.80701000,5722.23284590,0
1617878640000,174.56000000,174.59000000,174.38000000,174.59000000,52.59565000,1617878699999,9179.00353680,43,30.58751000,5338.76374960,0
1617878700000,174.57000000,174.80000000,174.56000000,174.59000000,182.96002000,1617878759999,31960.91492160,59,50.46481000,8815.64703650,0
1617878760000,174.67000000,174.92000000,174.66000000,174.83000000,219.21490000,1617878819999,38306.49163070,62,182.29870000,31855.26500870,0
1617878820000,174.88000000,175.04000000,174.73000000,175.04000000,267.39643000,1617878879999,46761.50749890,64,86.88126000,15199.05398370,0
1617878880000,175.02000000,175.15000000,174.92000000,175.04000000,91.48671000,1617878939999,16016.32378330,62,12.56951000,2200.11788150,0
1617878940000,175.05000000,175.07000000,174.71000000,174.71000000,45.81794000,1617878999999,8014.98789510,44,33.84425000,5921.63363650,0
1617879000000,174.69000000,174.69000000,174.59000000,174.59000000,39.22896000,1617879059999,6849.76934380,25,29.06409000,5074.88640800,0
1617879060000,174.64000000,174.66000000,174.53000000,174.56000000,69.50569000,1617879119999,12134.66334570,37,16.77195000,2928.19570270,0
1617879120000,174.55000000,174.72000000,174.37000000,174.72000000,185.44078000,1617879179999,32345.02698960,81,168.08001000,29316.55225460,0
1617879180000,174.74000000,175.02000000,174.68000000,175.02000000,20.21826000,1617879239999,3535.16418430,44,17.76588000,3106.25897400,0
1617879240000,174.88000000,175.01000000,174.63000000,174.88000000,94.70119000,1617879299999,16561.13105820,47,36.63510000,6406.86136870,0
1617879300000,174.89000000,175.00000000,174.88000000,174.92000000,29.81110000,1617879359999,5215.06424470,15,19.58254000,3425.34685940,0
1617879360000,174.87000000,174.87000000,174.67000000,174.69000000,48.12118000,1617879419999,8411.44766260,25,19.57813000,3421.40369850,0
1617879420000,174.66000000,174.78000000,174.60000000,174.60000000,75.73954000,1617879479999,13230.18913960,50,43.02022000,7515.29150890,0
1617879480000,174.64000000,174.66000000,174.43000000,174.48000000,19.41730000,1617879539999,3388.71043410,42,14.90448000,2601.20535530,0
1617879540000,174.50000000,174.78000000,174.50000000,174.69000000,172.07901000,1617879599999,30049.06436270,68,99.45474000,17364.47472300,0
1617879600000,174.71000000,174.83000000,174.49000000,174.49000000,71.57331000,1617879659999,12497.39175650,46,62.56942000,10925.56851400,0
1617879660000,174.47000000,174.47000000,173.80000000,173.90000000,238.87113000,1617879719999,41558.83490650,158,55.67236000,9685.74582330,0
1617879720000,173.84000000,174.03000000,173.84000000,173.93000000,15.53834000,1617879779999,2702.59691710,21,5.04234000,877.10327190,0
1617879780000,173.88000000,174.19000000,173.88000000,174.02000000,22.89609000,1617879839999,3984.86157270,32,10.90442000,1897.65977080,0
1617879840000,174.04000000,174.04000000,173.83000000,173.88000000,10.27312000,1617879899999,1786.34008400,28,7.47303000,1299.43672630,0
1617879900000,173.96000000,174.28000000,173.96000000,174.28000000,80.13036000,1617879959999,13950.10209120,43,72.15372000,12561.63236520,0
1617879960000,174.29000000,174.52000000,174.29000000,174.45000000,15.66751000,1617880019999,2732.88746830,29,10.70505000,1867.43954680,0
1617880020000,174.44000000,174.66000000,174.44000000,174.66000000,20.82451000,1617880079999,3635.92034390,24,10.19157000,1779.68048980,0
1617880080000,174.68000000,174.68000000,174.20000000,174.24000000,51.41496000,1617880139999,8969.52263800,57,11.06065000,1929.32015640,0
1617880140000,174.19000000,174.28000000,174.10000000,174.19000000,34.67108000,1617880199999,6038.02277160,26,33.56116000,5844.71452100,0
1617880200000,174.26000000,174.99000000,174.22000000,174.99000000,122.58391000,1617880259999,21403.72555180,91,100.67579000,17581.58973680,0
1617880260000,174.98000000,174.98000000,174.66000000,174.70000000,20.98271000,1617880319999,3666.99790640,34,6.95355000,1215.38080170,0
1617880320000,174.82000000,174.82000000,174.45000000,174.61000000,23.98359000,1617880379999,4186.90075320,34,6.39310000,1115.63260370,0
1617880380000,174.44000000,174.68000000,174.43000000,174.65000000,32.95498000,1617880439999,5751.60322450,19,24.76314000,4321.67141780,0
1617880440000,174.68000000,174.77000000,174.59000000,174.66000000,62.98033000,1617880499999,11001.81615670,26,36.64306000,6400.71558370,0
1617880500000,174.67000000,174.74000000,174.61000000,174.61000000,33.54763000,1617880559999,5860.54706900,12,28.03136000,4897.00161710,0
1617880560000,174.76000000,175.18000000,174.76000000,175.18000000,92.26035000,1617880619999,16145.83190980,61,82.14224000,14374.44094260,0
1617880620000,175.18000000,175.18000000,174.68000000,175.10000000,58.35870000,1617880679999,10207.99546840,50,18.63712000,3260.42371240,0
1617880680000,175.03000000,175.37000000,175.00000000,175.14000000,132.33292000,1617880739999,23175.77732890,68,57.24291000,10028.10019320,0
1617880740000,175.06000000,175.23000000,175.04000000,175.16000000,110.67500000,1617880799999,19380.95142940,30,27.65290000,4843.60100310,0
1617880800000,175.24000000,175.24000000,174.93000000,174.94000000,58.45550000,1617880859999,10229.73958800,29,8.20427000,1436.40532440,0
1617880860000,174.93000000,174.94000000,174.69000000,174.69000000,23.70254000,1617880919999,4143.57527970,32,11.90480000,2080.86214250,0
1617880920000,174.96000000,175.08000000,174.77000000,174.78000000,41.18680000,1617880979999,7206.41456220,27,8.81156000,1541.85662220,0
1617880980000,174.77000000,174.83000000,174.47000000,174.56000000,203.64137000,1617881039999,35570.18861190,85,91.97050000,16068.34010350,0
1617881040000,174.54000000,174.54000000,174.18000000,174.23000000,69.89470000,1617881099999,12183.20867830,45,40.64902000,7085.18198570,0
1617881100000,174.35000000,174.68000000,174.27000000,174.37000000,251.20459000,1617881159999,43833.49638550,94,157.30404000,27445.07572440,0
1617881160000,174.25000000,174.67000000,174.20000000,174.62000000,48.37856000,1617881219999,8438.63433050,42,44.30232000,7727.31859050,0
1617881220000,174.57000000,174.57000000,174.25000000,174.25000000,9.96905000,1617881279999,1738.95208250,22,4.78128000,833.98518700,0
1617881280000,174.23000000,174.52000000,174.13000000,174.28000000,129.61410000,1617881339999,22592.11889060,60,82.01215000,14290.38621480,0
1617881340000,174.26000000,174.38000000,174.11000000,174.18000000,13.30965000,1617881399999,2319.16562140,20,8.61526000,1501.30311750,0
1617881400000,174.21000000,174.46000000,174.21000000,174.37000000,50.87595000,1617881459999,8872.89984180,26,45.54939000,7944.38158670,0
1617881460000,174.41000000,174.59000000,174.32000000,174.42000000,74.32674000,1617881519999,12960.80792100,31,5.38335000,939.50540720,0
1617881520000,174.42000000,174.53000000,174.15000000,174.15000000,42.26465000,1617881579999,7371.25853710,29,7.03379000,1227.52512870,0
1617881580000,174.20000000,174.21000000,173.81000000,173.81000000,54.35868000,1617881639999,9460.40472770,60,14.12113000,2458.48561230,0
1617881640000,173.81000000,173.98000000,173.50000000,173.50000000,90.96501000,1617881699999,15800.30156530,78,18.08715000,3144.42432560,0
1617881700000,173.51000000,173.53000000,173.29000000,173.29000000,34.79446000,1617881759999,6033.06385470,39,1.35216000,234.41045760,0
1617881760000,173.28000000,173.36000000,172.67000000,172.76000000,232.75073000,1617881819999,40245.74364200,144,108.58836000,18768.40333600,0
1617881820000,172.80000000,172.92000000,172.68000000,172.74000000,235.17246000,1617881879999,40640.88031440,52,106.42331000,18390.34494700,0
1617881880000,172.85000000,173.18000000,172.65000000,172.70000000,324.62458000,1617881939999,56111.86486250,103,190.84142000,32994.29940800,0
1617881940000,172.73000000,173.61000000,172.73000000,173.61000000,278.57369000,1617881999999,48196.03477480,101,161.63884000,27969.16609010,0
1617882000000,173.43000000,173.88000000,173.42000000,173.78000000,106.46164000,1617882059999,18487.70109340,70,61.47430000,10677.50271630,0
1617882060000,173.87000000,174.10000000,173.78000000,174.10000000,22.13512000,1617882119999,3850.59362050,39,16.76217000,2916.12310290,0
1617882120000,174.08000000,174.10000000,173.59000000,173.61000000,127.49396000,1617882179999,22165.14086590,92,45.03286000,7833.79961340,0
1617882180000,173.67000000,174.20000000,173.67000000,174.17000000,88.26278000,1617882239999,15350.03783060,61,50.60547000,8799.56908870,0
1617882240000,174.21000000,174.56000000,174.10000000,174.29000000,166.99326000,1617882299999,29115.61035700,95,101.55773000,17711.29166590,0
1617882300000,174.28000000,174.59000000,174.17000000,174.42000000,93.84597000,1617882359999,16368.85309360,61,77.23963000,13472.72097510,0
1617882360000,174.38000000,174.40000000,174.18000000,174.20000000,96.02320000,1617882419999,16735.24533240,55,42.99948000,7495.27745480,0
1617882420000,174.28000000,174.28000000,173.83000000,174.11000000,125.90454000,1617882479999,21924.39012010,69,22.96420000,3998.92090520,0
1617882480000,174.03000000,174.20000000,173.83000000,173.92000000,216.53365000,1617882539999,37701.21072600,52,135.97117000,23676.75490890,0
1617882540000,173.89000000,173.91000000,173.65000000,173.67000000,148.70223000,1617882599999,25843.78952120,40,40.41389000,7025.04915130,0
1617882600000,173.67000000,173.87000000,173.67000000,173.78000000,182.69342000,1617882659999,31747.34809080,35,70.95035000,12327.42054080,0
1617882660000,173.75000000,173.79000000,173.38000000,173.46000000,161.00412000,1617882719999,27961.80066790,73,20.58030000,3573.29128050,0
1617882720000,173.52000000,173.55000000,173.40000000,173.44000000,120.44396000,1617882779999,20896.72366420,13,119.36542000,20709.68905720,0
1617882780000,173.46000000,173.46000000,173.11000000,173.11000000,31.98466000,1617882839999,5543.91220370,50,9.34921000,1620.02334880,0
1617882840000,173.13000000,173.15000000,172.79000000,172.88000000,62.46372000,1617882899999,10802.94269960,79,17.87069000,3091.14179300,0
1617882900000,173.04000000,173.43000000,173.02000000,173.18000000,184.88520000,1617882959999,32027.40403420,89,137.84040000,23877.19566900,0
1617882960000,173.17000000,173.52000000,173.17000000,173.40000000,121.46946000,1617883019999,21053.50343380,54,61.97904000,10739.71746430,0
1617883020000,173.43000000,173.47000000,173.26000000,173.43000000,52.77487000,1617883079999,9150.30669190,21,41.06295000,7119.89692440,0
1617883080000,173.45000000,173.74000000,173.45000000,173.70000000,66.89847000,1617883139999,11613.59131380,48,51.24848000,8895.66142400,0
1617883140000,173.47000000,173.47000000,173.29000000,173.31000000,26.89430000,1617883199999,4662.24450140,33,5.30990000,920.80525200,0
1617883200000,173.27000000,173.27000000,173.02000000,173.09000000,75.12546000,1617883259999,13007.26574240,75,33.09102000,5729.34523680,0
1617883260000,173.01000000,173.38000000,172.97000000,173.38000000,119.77568000,1617883319999,20748.08946090,59,94.38831000,16355.10989590,0
1617883320000,173.40000000,173.94000000,173.39000000,173.94000000,120.28930000,1617883379999,20886.93438950,86,63.12906000,10960.04936600,0
1617883380000,173.94000000,174.20000000,173.78000000,174.13000000,54.31678000,1617883439999,9450.29107560,52,33.65284000,5856.79798870,0
1617883440000,174.17000000,174.37000000,174.01000000,174.37000000,166.18736000,1617883499999,28951.51931280,84,144.18099000,25118.91479760,0
1617883500000,174.31000000,174.80000000,174.22000000,174.72000000,117.60234000,1617883559999,20514.60364050,92,45.35895000,7919.90580480,0
1617883560000,174.69000000,174.70000000,174.33000000,174.67000000,52.25081000,1617883619999,9116.12911780,46,18.18091000,3173.85735820,0
1617883620000,174.67000000,174.76000000,174.49000000,174.52000000,58.62608000,1617883679999,10237.73067980,42,37.71789000,6587.39102300,0
1617883680000,174.46000000,174.62000000,174.46000000,174.61000000,26.96690000,1617883739999,4707.67371240,22,25.77322000,4499.31419660,0
1617883740000,174.60000000,174.71000000,174.51000000,174.70000000,66.90502000,1617883799999,11685.13524250,36,51.56976000,9006.37345360,0
1617883800000,174.72000000,174.86000000,174.72000000,174.75000000,17.23924000,1617883859999,3012.81328880,21,4.71924000,824.83901000,0
1617883860000,174.64000000,174.67000000,174.35000000,174.45000000,201.36369000,1617883919999,35152.14818770,53,140.24600000,24487.75340100,0
1617883920000,174.41000000,174.44000000,174.15000000,174.38000000,56.94228000,1617883979999,9925.42828910,50,9.44604000,1645.80748990,0
1617883980000,174.36000000,174.75000000,174.36000000,174.75000000,95.69946000,1617884039999,16708.76567610,51,36.57850000,6383.11887000,0
1617884040000,174.75000000,174.94000000,174.56000000,174.72000000,107.86903000,1617884099999,18848.31570290,68,25.80833000,4512.25290030,0
1617884100000,174.72000000,174.98000000,174.72000000,174.90000000,45.44864000,1617884159999,7947.63118320,39,18.60335000,3252.91119420,0
1617884160000,174.92000000,175.01000000,174.78000000,174.78000000,86.87291000,1617884219999,15194.83486090,42,21.44298000,3752.07789990,0
1617884220000,174.78000000,174.97000000,174.77000000,174.87000000,61.10958000,1617884279999,10686.48955640,33,23.90313000,4180.36376990,0
1617884280000,174.77000000,174.99000000,174.75000000,174.87000000,208.60255000,1617884339999,36484.75511130,45,55.96206000,9788.26519160,0
1617884340000,174.96000000,175.05000000,174.94000000,174.99000000,49.75141000,1617884399999,8705.95993090,23,11.06090000,1935.42412240,0
1617884400000,175.01000000,175.28000000,174.90000000,175.26000000,96.29897000,1617884459999,16859.67254380,64,37.68620000,6599.64547880,0
1617884460000,175.22000000,175.30000000,175.11000000,175.30000000,15.81475000,1617884519999,2771.60319260,17,14.13917000,2478.04453150,0
1617884520000,175.29000000,175.30000000,174.96000000,175.30000000,104.37286000,1617884579999,18274.54060420,59,39.35615000,6892.50282720,0
1617884580000,175.31000000,175.32000000,175.00000000,175.02000000,155.17643000,1617884639999,27183.23773470,47,18.12733000,3174.02965660,0
1617884640000,175.21000000,175.21000000,175.04000000,175.19000000,39.15489000,1617884699999,6854.49224650,13,34.64658000,6065.01493480,0
1617884700000,175.13000000,175.46000000,175.13000000,175.46000000,125.85967000,1617884759999,22062.01715450,55,64.47938000,11301.49648290,0
1617884760000,175.46000000,175.67000000,175.42000000,175.67000000,122.37518000,1617884819999,21483.16093120,77,81.46404000,14303.24146960,0
1617884820000,175.68000000,175.81000000,175.48000000,175.74000000,157.41767000,1617884879999,27659.92787540,66,103.42168000,18176.64527400,0
1617884880000,175.72000000,175.83000000,175.66000000,175.76000000,32.81023000,1617884939999,5767.73535490,22,23.54778000,4139.61887960,0
1617884940000,175.73000000,176.00000000,175.73000000,175.97000000,94.26255000,1617884999999,16570.44143740,48,72.11395000,12677.20093980,0
1617885000000,176.00000000,176.31000000,175.93000000,176.21000000,110.02253000,1617885059999,19387.56685750,94,97.88986000,17250.26185190,0
1617885060000,176.25000000,176.25000000,175.73000000,176.08000000,610.68660000,1617885119999,107473.09351910,126,209.43158000,36852.86228710,0
1617885120000,176.05000000,176.15000000,175.83000000,176.00000000,82.59714000,1617885179999,14541.44136540,50,63.52562000,11185.57452160,0
1617885180000,175.96000000,176.02000000,175.71000000,175.71000000,27.99332000,1617885239999,4922.02436990,37,4.48915000,789.86466680,0
1617885240000,175.74000000,175.74000000,175.53000000,175.67000000,148.68786000,1617885299999,26118.37193890,56,132.47655000,23271.25657760,0
1617885300000,175.71000000,175.80000000,175.65000000,175.80000000,93.23363000,1617885359999,16386.31606620,39,54.20431000,9526.73899620,0
1617885360000,175.80000000,175.99000000,175.79000000,175.91000000,81.29533000,1617885419999,14301.57158050,30,32.37535000,5694.11934040,0
1617885420000,175.91000000,176.20000000,175.90000000,175.93000000,26.74109000,1617885479999,4708.32968500,30,14.38952000,2533.92816110,0
1617885480000,175.97000000,176.16000000,175.95000000,176.11000000,27.84721000,1617885539999,4902.90134700,18,26.69410000,4699.85889950,0
1617885540000,176.18000000,176.42000000,176.13000000,176.24000000,79.09983000,1617885599999,13942.45120010,66,69.83564000,12309.51606550,0
1617885600000,176.34000000,176.36000000,176.26000000,176.35000000,106.63727000,1617885659999,18800.80586020,27,88.53293000,15608.53076390,0
1617885660000,176.38000000,176.40000000,175.97000000,176.35000000,66.84073000,1617885719999,11773.47172780,57,26.31142000,4634.39566580,0
1617885720000,176.28000000,176.42000000,176.16000000,176.19000000,86.01177000,1617885779999,15157.40211530,45,39.81589000,7015.30701770,0
1617885780000,176.19000000,176.40000000,176.13000000,176.25000000,49.95465000,1617885839999,8802.36857220,32,38.07423000,6708.98868820,0
1617885840000,176.33000000,176.45000000,176.29000000,176.36000000,16.88952000,1617885899999,2978.61116350,21,12.65170000,2231.36242430,0
1617885900000,176.41000000,176.68000000,176.41000000,176.60000000,144.98735000,1617885959999,25597.46265260,75,126.74802000,22377.48398610,0
1617885960000,176.63000000,176.97000000,176.63000000,176.94000000,67.86584000,1617886019999,12000.52796570,89,35.00042000,6188.72270900,0
1617886020000,176.95000000,177.08000000,176.57000000,176.69000000,105.10609000,1617886079999,18582.74775530,102,51.18893000,9049.46736700,0
1617886080000,176.72000000,177.60000000,176.72000000,177.59000000,223.83849000,1617886139999,39683.29585120,186,117.76081000,20876.84123100,0
1617886140000,177.47000000,177.70000000,177.41000000,177.56000000,71.01439000,1617886199999,12608.75261380,63,21.51829000,3821.15341940,0
1617886200000,177.46000000,177.71000000,176.67000000,176.94000000,264.67574000,1617886259999,46899.69639500,172,127.26551000,22563.05546270,0
1617886260000,177.00000000,177.43000000,176.83000000,177.43000000,167.11987000,1617886319999,29600.88097030,109,99.32727000,17600.24300480,0
1617886320000,177.39000000,178.13000000,177.34000000,178.00000000,634.32321000,1617886379999,112807.63293350,232,324.67354000,57724.26509000,0
1617886380000,178.08000000,178.21000000,177.82000000,177.84000000,319.16613000,1617886439999,56840.98969780,111,254.88792000,45399.62036030,0
1617886440000,177.81000000,177.92000000,177.32000000,177.92000000,175.95280000,1617886499999,31251.05647220,147,82.54336000,14667.56017180,0
1617886500000,177.92000000,178.00000000,177.53000000,177.54000000,239.06432000,1617886559999,42501.93719480,86,21.53411000,3827.81214630,0
1617886560000,177.64000000,178.01000000,177.64000000,177.98000000,626.18349000,1617886619999,111354.11362140,106,560.57430000,99685.33282480,0
1617886620000,178.01000000,178.02000000,177.80000000,177.98000000,122.20405000,1617886679999,21739.43845640,53,53.82803000,9575.43142430,0
1617886680000,177.98000000,178.04000000,177.75000000,177.84000000,85.67790000,1617886739999,15245.26476920,31,13.18037000,2344.57990260,0
1617886740000,177.85000000,178.08000000,177.75000000,178.03000000,101.90342000,1617886799999,18126.11772180,35,50.20188000,8933.84373470,0
1617886800000,177.99000000,178.24000000,177.58000000,177.68000000,173.08333000,1617886859999,30791.81612820,136,65.66630000,11688.24652820,0
1617886860000,177.65000000,177.66000000,177.34000000,177.34000000,213.55378000,1617886919999,37892.07562290,92,95.70489000,16981.80237150,0
1617886920000,177.34000000,177.58000000,177.33000000,177.42000000,152.46304000,1617886979999,27053.84072970,62,58.83043000,10441.34882340,0
1617886980000,177.39000000,177.55000000,177.32000000,177.55000000,88.23720000,1617887039999,15651.51534630,46,48.18318000,8547.90266540,0
1617887040000,177.56000000,178.11000000,177.56000000,178.04000000,89.83219000,1617887099999,15974.02153110,79,88.42778000,15724.54973850,0
1617887100000,178.07000000,178.34000000,177.83000000,178.34000000,573.43658000,1617887159999,102073.10398290,118,198.85454000,35400.26906680,0
1617887160000,178.28000000,178.38000000,178.11000000,178.11000000,158.20352000,1617887219999,28197.89267420,101,73.43606000,13089.67171860,0
1617887220000,178.20000000,178.26000000,177.96000000,177.96000000,155.22060000,1617887279999,27641.02896600,70,52.70721000,9387.68580650,0
1617887280000,177.98000000,178.25000000,177.93000000,178.07000000,74.78181000,1617887339999,13319.77583040,63,42.69544000,7605.19870350,0
1617887340000,178.12000000,178.39000000,178.03000000,178.20000000,228.61349000,1617887399999,40743.00743370,80,48.45403000,8635.65874000,0
1617887400000,178.20000000,178.24000000,177.77000000,177.91000000,86.00360000,1617887459999,15304.32137600,76,35.92203000,6394.51421010,0
1617887460000,177.90000000,178.00000000,177.81000000,177.88000000,58.02029000,1617887519999,10323.02056490,44,55.23372000,9827.48175680,0
1617887520000,177.87000000,177.98000000,177.61000000,177.63000000,198.45232000,1617887579999,35287.65129740,76,159.07280000,28290.29422570,0
1617887580000,177.62000000,177.68000000,177.33000000,177.55000000,189.04041000,1617887639999,33546.50197140,140,103.62630000,18391.23506280,0
1617887640000,177.53000000,178.00000000,177.53000000,177.91000000,209.68058000,1617887699999,37277.76544340,77,62.90649000,11184.37223740,0
1617887700000,177.87000000,178.09000000,177.80000000,178.09000000,171.43774000,1617887759999,30491.64199040,54,108.56296000,19310.11446430,0
1617887760000,178.09000000,178.13000000,177.77000000,177.80000000,247.27546000,1617887819999,44009.73552290,73,106.13095000,18894.46565810,0
1617887820000,177.78000000,178.01000000,177.75000000,178.00000000,141.02855000,1617887879999,25088.11974620,53,129.54519000,23045.12643280,0
1617887880000,177.96000000,178.15000000,177.96000000,178.08000000,53.13327000,1617887939999,9458.87021280,53,38.70794000,6891.18247020,0
1617887940000,178.06000000,178.12000000,177.85000000,178.05000000,112.04422000,1617887999999,19941.52372680,46,48.41193000,8614.39863850,0
1617888000000,178.02000000,178.43000000,177.99000000,178.38000000,173.38589000,1617888059999,30899.07750920,103,133.01744000,23707.24114470,0
1617888060000,178.39000000,178.42000000,178.08000000,178.10000000,182.22104000,1617888119999,32474.64413130,72,78.51545000,13990.82038030,0
1617888120000,178.07000000,178.14000000,177.75000000,177.75000000,134.89384000,1617888179999,24002.54604420,92,38.61699000,6874.75119610,0
1617888180000,177.73000000,177.89000000,177.72000000,177.82000000,53.46648000,1617888239999,9504.37010020,24,32.16698000,5718.62680910,0
1617888240000,177.83000000,177.88000000,177.76000000,177.85000000,26.72993000,1617888299999,4753.04827950,23,17.47248000,3107.10559470,0
1617888300000,177.85000000,177.99000000,177.81000000,177.92000000,73.85968000,1617888359999,13137.78124220,39,60.06009000,10682.56891920,0
1617888360000,177.93000000,178.20000000,177.80000000,178.14000000,65.09097000,1617888419999,11584.93249130,51,43.60085000,7761.54624110,0
1617888420000,178.11000000,178.38000000,178.10000000,178.37000000,155.72216000,1617888479999,27755.73878530,59,112.53402000,20061.89100570,0
1617888480000,178.37000000,178.47000000,178.32000000,178.47000000,53.31806000,1617888539999,9512.21086090,29,50.81060000,9064.97723610,0
1617888540000,178.47000000,178.50000000,178.40000000,178.44000000,120.83696000,1617888599999,21561.97855490,138,41.36232000,7381.41276450,0
1617888600000,178.47000000,178.62000000,178.44000000,178.60000000,183.40703000,1617888659999,32744.89091270,79,106.98814000,19100.41323240,0
1617888660000,178.62000000,178.71000000,178.60000000,178.64000000,42.74672000,1617888719999,7636.35635890,64,33.92044000,6059.83129050,0
1617888720000,178.70000000,178.77000000,178.61000000,178.61000000,82.01318000,1617888779999,14655.26878260,54,62.75641000,11215.12859420,0
1617888780000,178.61000000,178.75000000,178.61000000,178.67000000,42.59150000,1617888839999,7609.23809220,32,16.75792000,2994.05189980,0
1617888840000,178.71000000,179.04000000,178.68000000,178.93000000,217.81289000,1617888899999,38941.58627050,111,167.17869000,29891.38358550,0
1617888900000,178.94000000,179.25000000,178.56000000,178.65000000,257.73496000,1617888959999,46141.91783800,220,73.12585000,13099.99328280,0
1617888960000,178.69000000,178.84000000,178.58000000,178.72000000,206.29181000,1617889019999,36864.36326470,82,137.76331000,24623.30038360,0
1617889020000,178.73000000,178.91000000,178.61000000,178.82000000,138.31915000,1617889079999,24724.43319370,69,57.53009000,10285.59765350,0
1617889080000,178.84000000,178.94000000,178.60000000,178.69000000,90.33679000,1617889139999,16149.46503080,51,22.95150000,4102.34119130,0
1617889140000,178.61000000,178.61000000,178.04000000,178.20000000,171.27678000,1617889199999,30530.29704290,141,40.82261000,7277.64794640,0
1617889200000,178.20000000,178.67000000,178.15000000,178.17000000,160.07003000,1617889259999,28557.71653310,121,100.82097000,17987.18894520,0
1617889260000,178.18000000,178.64000000,178.17000000,178.18000000,164.02439000,1617889319999,29266.93063190,86,66.21546000,11813.24690690,0
1617889320000,178.15000000,178.28000000,177.96000000,178.17000000,54.43907000,1617889379999,9696.11092730,56,33.71337000,6005.84884640,0
1617889380000,178.19000000,178.29000000,178.12000000,178.28000000,31.13410000,1617889439999,5549.21620930,25,22.00181000,3921.50040630,0
1617889440000,178.29000000,178.43000000,178.28000000,178.42000000,43.13468000,1617889499999,7692.55920290,34,40.14478000,7159.51983090,0
1617889500000,178.42000000,178.58000000,178.35000000,178.52000000,72.99279000,1617889559999,13027.54529080,39,44.14511000,7880.34798270,0
1617889560000,178.49000000,178.50000000,177.95000000,178.06000000,52.72499000,1617889619999,9398.72117920,65,33.60032000,5990.74808630,0
1617889620000,177.97000000,178.18000000,177.74000000,178.10000000,68.30109000,1617889679999,12152.15235260,84,28.61642000,5094.75047000,0
1617889680000,178.15000000,178.15000000,177.85000000,177.94000000,48.13126000,1617889739999,8566.95027840,36,23.37672000,4160.74274730,0
1617889740000,177.86000000,178.14000000,177.86000000,177.91000000,135.56817000,1617889799999,24129.25124160,55,70.60837000,12567.18522290,0
1617889800000,177.89000000,177.89000000,177.66000000,177.69000000,25.80304000,1617889859999,4585.83127820,41,12.57973000,2235.37832530,0
1617889860000,177.67000000,177.81000000,177.63000000,177.81000000,66.66544000,1617889919999,11847.24171950,26,44.46477000,7901.83237900,0
1617889920000,177.79000000,177.95000000,177.70000000,177.70000000,100.81542000,1617889979999,17932.88473510,23,86.85125000,15450.38832330,0
1617889980000,177.70000000,177.98000000,177.62000000,177.84000000,69.25432000,1617890039999,12313.59627700,47,28.47904000,5066.17447100,0
1617890040000,177.84000000,177.95000000,177.84000000,177.95000000,4.26776000,1617890099999,759.28439150,7,3.79569000,675.33146270,0
1617890100000,177.93000000,177.97000000,177.86000000,177.86000000,97.44166000,1617890159999,17335.90023900,27,46.99152000,8359.70115540,0
1617890160000,177.95000000,178.25000000,177.95000000,178.07000000,151.93051000,1617890219999,27055.36171420,56,68.56648000,12211.70681080,0
1617890220000,178.00000000,178.07000000,177.98000000,177.98000000,22.61673000,1617890279999,4026.24745500,14,15.62918000,2782.11174580,0
1617890280000,177.96000000,177.96000000,177.56000000,177.56000000,211.16402000,1617890339999,37533.75543240,55,19.07371000,3392.46485800,0
1617890340000,177.55000000,177.57000000,177.47000000,177.49000000,64.45341000,1617890399999,11442.09737550,40,4.91555000,872.79213300,0
1617890400000,177.49000000,177.99000000,177.44000000,177.96000000,614.20420000,1617890459999,109198.80975990,81,131.55683000,23384.14399280,0
1617890460000,177.96000000,177.96000000,177.66000000,177.69000000,212.90383000,1617890519999,37850.96950590,44,19.92390000,3542.71972850,0
1617890520000,177.69000000,177.69000000,177.46000000,177.54000000,63.43111000,1617890579999,11264.56774410,42,40.67172000,7223.65773060,0
1617890580000,177.54000000,177.83000000,177.49000000,177.67000000,124.24282000,1617890639999,22075.35644930,41,112.97246000,20073.89640560,0
1617890640000,177.69000000,177.77000000,177.60000000,177.73000000,27.87320000,1617890699999,4951.90198390,22,6.81371000,1210.50444970,0
1617890700000,177.69000000,177.80000000,177.58000000,177.60000000,63.80892000,1617890759999,11335.74094910,26,51.75381000,9194.46745400,0
1617890760000,177.68000000,177.70000000,177.51000000,177.51000000,14.78964000,1617890819999,2626.87327990,18,4.76981000,847.43753850,0
1617890820000,177.52000000,177.96000000,177.52000000,177.96000000,76.07619000,1617890879999,13516.36953820,27,71.48003000,12699.12704410,0
1617890880000,177.96000000,178.08000000,177.91000000,177.91000000,52.81651000,1617890939999,9401.97080640,23,13.53843000,2409.45946410,0
1617890940000,177.91000000,177.98000000,177.76000000,177.98000000,170.31651000,1617890999999,30297.99830230,37,96.77586000,17222.22912590,0
1617891000000,177.91000000,177.97000000,177.84000000,177.87000000,95.80807000,1617891059999,17043.03168870,34,31.18211000,5546.78272040,0
1617891060000,177.89000000,177.94000000,177.71000000,177.71000000,89.59535000,1617891119999,15933.35313430,41,46.05097000,8190.47805450,0
1617891120000,177.67000000,177.87000000,177.59000000,177.68000000,109.53562000,1617891179999,19464.38056330,40,58.10172000,10321.31851390,0
1617891180000,177.61000000,177.69000000,177.56000000,177.69000000,46.40258000,1617891239999,8241.94461180,19,39.43308000,7004.03006130,0
1617891240000,177.69000000,177.71000000,177.64000000,177.66000000,39.13597000,1617891299999,6953.34830130,14,18.63377000,3310.59407130,0
1617891300000,177.66000000,179.01000000,177.59000000,178.13000000,1822.12885000,1617891359999,324863.69095720,302,1455.77144000,259526.76174020,0
1617891360000,178.26000000,179.00000000,177.79000000,177.97000000,2955.41693000,1617891419999,526630.57577390,350,1834.28014000,326890.11048590,0
1617891420000,178.00000000,178.02000000,177.87000000,177.92000000,112.17458000,1617891479999,19964.19392240,29,79.34453000,14123.47155910,0
1617891480000,177.92000000,177.96000000,177.70000000,177.70000000,503.38164000,1617891539999,89507.33520500,92,390.91817000,69515.04461200,0
1617891540000,177.69000000,177.69000000,177.57000000,177.61000000,120.47706000,1617891599999,21398.00665430,54,104.81150000,18615.71366810,0
1617891600000,177.64000000,177.86000000,177.64000000,177.73000000,68.51234000,1617891659999,12178.97604260,30,55.79606000,9917.84858540,0
1617891660000,177.73000000,178.10000000,177.73000000,178.04000000,163.09044000,1617891719999,29013.60417290,40,114.23011000,20314.19823750,0
1617891720000,178.04000000,178.88000000,177.97000000,178.79000000,700.63351000,1617891779999,124998.41133420,142,538.41147000,96061.17283330,0
1617891780000,178.87000000,179.12000000,178.57000000,178.68000000,407.22562000,1617891839999,72811.58189580,140,135.87808000,24314.83063030,0
1617891840000,178.71000000,178.93000000,178.59000000,178.75000000,86.38977000,1617891899999,15442.06460060,35,55.97113000,10005.70895140,0
1617891900000,178.74000000,179.02000000,178.70000000,178.93000000,149.87361000,1617891959999,26804.03327740,43,79.85406000,14283.49116810,0
1617891960000,178.97000000,178.97000000,178.72000000,178.94000000,230.31932000,1617892019999,41193.38673020,79,112.90594000,20192.52031740,0
1617892020000,178.88000000,178.96000000,178.81000000,178.86000000,46.04392000,1617892079999,8236.57603920,31,20.36037000,3642.72166800,0
1617892080000,178.85000000,178.90000000,178.65000000,178.87000000,137.57371000,1617892139999,24591.60100940,51,85.36956000,15261.50847630,0
1617892140000,178.86000000,179.08000000,178.80000000,178.81000000,113.98680000,1617892199999,20400.70887200,57,83.73172000,14986.65011280,0
1617892200000,178.86000000,179.05000000,178.86000000,178.91000000,114.63764000,1617892259999,20510.97448950,48,88.78335000,15884.36558080,0
1617892260000,178.89000000,179.00000000,178.81000000,178.86000000,95.83738000,1617892319999,17148.31860050,32,21.30855000,3811.16879170,0
1617892320000,178.88000000,178.88000000,178.68000000,178.69000000,44.55956000,1617892379999,7966.22526730,28,8.92529000,1596.08810380,0
1617892380000,178.77000000,178.80000000,178.61000000,178.62000000,57.24460000,1617892439999,10230.06800920,33,22.29276000,3985.64470390,0
1617892440000,178.65000000,179.03000000,178.65000000,178.95000000,134.71351000,1617892499999,24098.62314390,42,90.34739000,16159.33596570,0
1617892500000,179.01000000,179.23000000,179.01000000,179.13000000,52.46856000,1617892559999,9399.88033080,27,47.07359000,8434.05349910,0
1617892560000,179.23000000,179.55000000,179.21000000,179.48000000,234.65790000,1617892619999,42073.10497250,99,210.55339000,37750.53610680,0
1617892620000,179.46000000,179.55000000,179.42000000,179.42000000,87.43307000,1617892679999,15693.16113390,46,10.04874000,1803.72867500,0
1617892680000,179.42000000,179.44000000,178.83000000,179.09000000,222.22112000,1617892739999,39788.68174780,125,51.50645000,9221.43642250,0
1617892740000,179.13000000,179.70000000,179.13000000,179.63000000,97.47499000,1617892799999,17502.83630060,70,88.28136000,15851.69851550,0
1617892800000,179.68000000,179.79000000,179.60000000,179.67000000,108.22925000,1617892859999,19447.56749990,74,67.02873000,12044.80824950,0
1617892860000,179.72000000,179.73000000,179.60000000,179.61000000,42.27245000,1617892919999,7594.38519410,28,14.63569000,2629.81582700,0
1617892920000,179.61000000,179.61000000,179.55000000,179.60000000,23.33341000,1617892979999,4190.65176840,23,9.42484000,1692.71512500,0
1617892980000,179.58000000,179.74000000,179.57000000,179.65000000,63.12698000,1617893039999,11341.09943910,25,36.72455000,6598.94983520,0
1617893040000,179.66000000,179.66000000,179.44000000,179.48000000,57.27397000,1617893099999,10281.88195130,31,11.33769000,2035.18945020,0
1617893100000,179.44000000,179.62000000,179.44000000,179.49000000,61.17969000,1617893159999,10985.87863220,21,58.28038000,10465.20800390,0
1617893160000,179.51000000,179.51000000,179.33000000,179.44000000,54.25755000,1617893219999,9734.85768880,27,16.02860000,2876.09560860,0
1617893220000,179.35000000,179.41000000,179.16000000,179.20000000,108.21036000,1617893279999,19400.14900470,57,27.30830000,4896.08794690,0
1617893280000,179.18000000,179.27000000,178.97000000,178.97000000,58.25333000,1617893339999,10432.03334480,50,8.05673000,1443.61700360,0
1617893340000,178.90000000,178.96000000,178.86000000,178.95000000,46.49872000,1617893399999,8318.54940790,59,16.36452000,2927.70552520,0
1617893400000,178.93000000,178.97000000,178.85000000,178.85000000,66.04777000,1617893459999,11818.09349700,30,53.58187000,9588.43014900,0
1617893460000,178.88000000,178.93000000,178.83000000,178.90000000,157.22901000,1617893519999,28128.07140460,27,33.41033000,5977.12072250,0
1617893520000,178.89000000,179.20000000,178.86000000,179.11000000,83.92440000,1617893579999,15028.07400220,32,60.52201000,10836.14301550,0
1617893580000,179.13000000,179.35000000,179.02000000,179.21000000,87.40548000,1617893639999,15662.94553750,46,65.21191000,11686.62932310,0
1617893640000,179.19000000,179.19000000,178.71000000,178.85000000,83.21108000,1617893699999,14881.11555820,52,5.25381000,940.54046610,0
1617893700000,178.90000000,179.41000000,178.90000000,179.32000000,71.02261000,1617893759999,12731.13461910,32,58.11926000,10418.45309960,0
1617893760000,179.46000000,179.59000000,179.40000000,179.40000000,46.25861000,1617893819999,8304.82505280,30,36.25976000,6510.12494020,0
1617893820000,179.47000000,179.60000000,179.30000000,179.60000000,117.25509000,1617893879999,21041.03476300,40,86.33451000,15494.67653040,0
1617893880000,179.60000000,179.67000000,179.39000000,179.63000000,47.07809000,1617893939999,8454.77033390,36,24.93954000,4479.87432050,0
1617893940000,179.66000000,179.69000000,179.52000000,179.65000000,20.88775000,1617893999999,3751.29430990,16,6.36918000,1144.28871540,0
1617894000000,179.68000000,180.21000000,179.61000000,180.21000000,283.36446000,1617894059999,50982.74521090,234,248.38938000,44691.44870440,0
1617894060000,180.18000000,180.22000000,179.91000000,179.97000000,123.64524000,1617894119999,22266.17499240,76,39.56548000,7127.97577030,0
1617894120000,179.91000000,179.95000000,179.19000000,179.32000000,304.88577000,1617894179999,54746.29843840,171,47.08449000,8455.34242740,0
1617894180000,179.32000000,179.43000000,179.18000000,179.37000000,73.24052000,1617894239999,13130.07574460,44,40.60105000,7278.85687510,0
1617894240000,179.33000000,179.41000000,179.21000000,179.25000000,9.74060000,1617894299999,1746.82598790,14,2.87038000,514.77237450,0
1617894300000,179.22000000,179.82000000,179.20000000,179.72000000,583.35604000,1617894359999,104778.13294760,95,557.79462000,100196.87504290,0
1617894360000,179.81000000,179.88000000,179.60000000,179.80000000,67.04500000,1617894419999,12052.25463310,26,32.98362000,5930.53966610,0
1617894420000,179.77000000,180.00000000,179.77000000,180.00000000,34.47928000,1617894479999,6202.39207070,19,32.95628000,5928.47668070,0
1617894480000,180.00000000,180.20000000,179.86000000,180.14000000,98.59203000,1617894539999,17751.22774170,54,54.55878000,9823.81747230,0
1617894540000,180.16000000,180.16000000,179.92000000,180.01000000,36.32191000,1617894599999,6538.76842720,27,10.40618000,1874.03092040,0
1617894600000,179.95000000,180.01000000,179.93000000,179.93000000,41.05131000,1617894659999,7389.06169970,17,5.28071000,950.47501570,0
1617894660000,180.00000000,180.00000000,179.55000000,179.60000000,94.60552000,1617894719999,17006.06278430,37,5.25860000,945.61427780,0
1617894720000,179.62000000,179.82000000,179.49000000,179.77000000,48.83540000,1617894779999,8771.60332210,35,24.71781000,4441.10755380,0
1617894780000,179.77000000,180.00000000,179.77000000,180.00000000,45.78293000,1617894839999,8237.08833580,13,38.42733000,6914.77212380,0
1617894840000,179.98000000,179.99000000,179.82000000,179.96000000,59.84412000,1617894899999,10764.95002490,21,29.36214000,5281.74654920,0
1617894900000,179.90000000,180.21000000,179.89000000,179.90000000,202.19239000,1617894959999,36401.09751380,100,91.71027000,16512.61707600,0
1617894960000,179.89000000,180.12000000,179.88000000,180.02000000,51.25744000,1617895019999,9226.78838350,31,30.78930000,5544.26601300,0
1617895020000,180.00000000,180.00000000,179.90000000,179.98000000,39.49411000,1617895079999,7106.76638980,18,10.09483000,1816.57518700,0
1617895080000,179.98000000,180.00000000,179.78000000,179.78000000,62.47240000,1617895139999,11240.49757340,28,19.95892000,3591.29953220,0
1617895140000,179.85000000,180.00000000,179.68000000,179.69000000,439.10346000,1617895199999,78985.30628500,69,224.99206000,40465.66173610,0
1617895200000,179.75000000,179.81000000,179.71000000,179.76000000,34.97582000,1617895259999,6287.24245380,25,31.82643000,5721.15376660,0
1617895260000,179.78000000,179.78000000,179.67000000,179.71000000,21.11886000,1617895319999,3796.34724050,14,17.42474000,3132.35320890,0
1617895320000,179.70000000,179.73000000,179.68000000,179.73000000,19.95611000,1617895379999,3586.22085170,8,18.38769000,3304.33602530,0
1617895380000,179.83000000,180.20000000,179.80000000,180.11000000,124.23480000,1617895439999,22354.84765410,55,69.43905000,12497.22739870,0
1617895440000,180.10000000,180.25000000,180.06000000,180.11000000,56.79271000,1617895499999,10231.53153440,41,30.30843000,5461.32493040,0
1617895500000,180.17000000,180.20000000,180.08000000,180.20000000,135.53073000,1617895559999,24414.54099860,42,63.63458000,11464.62754600,0
1617895560000,180.23000000,180.41000000,180.17000000,180.31000000,94.31406000,1617895619999,17007.25232040,74,36.85030000,6646.46892850,0
1617895620000,180.35000000,180.52000000,180.23000000,180.50000000,185.71765000,1617895679999,33506.47962320,99,128.77536000,23231.84097980,0
1617895680000,180.37000000,180.68000000,180.34000000,180.64000000,85.66608000,1617895739999,15463.93751090,88,40.58439000,7329.29684040,0
1617895740000,180.50000000,180.61000000,180.32000000,180.59000000,80.08596000,1617895799999,14455.24644660,57,53.41548000,9642.24435770,0
1617895800000,180.55000000,180.61000000,180.37000000,180.37000000,157.35582000,1617895859999,28396.88766690,67,69.09047000,12470.36165050,0
1617895860000,180.43000000,180.56000000,180.43000000,180.45000000,31.73819000,1617895919999,5729.22936250,17,23.24937000,4197.03072270,0
1617895920000,180.48000000,180.49000000,180.45000000,180.49000000,52.69636000,1617895979999,9510.03028790,26,46.57993000,8406.31849440,0
1617895980000,180.57000000,180.67000000,180.44000000,180.47000000,47.80826000,1617896039999,8632.17571160,21,19.93402000,3599.65688640,0
1617896040000,180.54000000,180.64000000,180.49000000,180.64000000,20.98932000,1617896099999,3789.73775800,19,11.95084000,2158.17955790,0
1617896100000,180.61000000,181.61000000,180.61000000,181.47000000,456.77152000,1617896159999,82771.26470660,369,287.39906000,52076.71576540,0
1617896160000,181.49000000,181.51000000,180.43000000,180.98000000,500.16742000,1617896219999,90471.10505240,466,151.62824000,27418.09594130,0
1617896220000,180.94000000,181.38000000,180.92000000,181.28000000,97.97781000,1617896279999,17745.56199160,85,87.91398000,15922.12421960,0
1617896280000,181.30000000,181.30000000,181.07000000,181.11000000,62.35617000,1617896339999,11298.32965890,43,44.20361000,8009.66235160,0
1617896340000,181.11000000,181.27000000,180.88000000,180.98000000,182.96489000,1617896399999,33119.97541920,71,19.98077000,3618.82110280,0
1617896400000,180.99000000,181.16000000,180.99000000,181.03000000,87.04436000,1617896459999,15760.26833220,52,67.27588000,12180.42887380,0
1617896460000,181.10000000,181.11000000,180.95000000,181.00000000,51.38031000,1617896519999,9302.01273010,39,10.99427000,1990.17554130,0
1617896520000,181.00000000,181.13000000,181.00000000,181.09000000,24.42448000,1617896579999,4421.91586460,20,23.34571000,4226.58847920,0
1617896580000,181.06000000,181.06000000,180.79000000,180.94000000,149.80099000,1617896639999,27095.76649600,73,73.21023000,13244.62913690,0
1617896640000,180.97000000,181.07000000,180.86000000,181.01000000,44.17315000,1617896699999,7993.01527790,30,35.88529000,6493.35619440,0
1617896700000,181.06000000,181.12000000,180.96000000,181.12000000,27.48703000,1617896759999,4976.65167970,23,3.83112000,693.69433220,0
1617896760000,181.13000000,181.58000000,181.13000000,181.53000000,171.17906000,1617896819999,31040.54330340,110,145.37315000,26360.01729250,0
1617896820000,181.53000000,181.65000000,181.48000000,181.60000000,74.85132000,1617896879999,13590.46122690,70,10.81327000,1963.73566430,0
1617896880000,181.57000000,181.68000000,181.41000000,181.47000000,111.73765000,1617896939999,20290.22020790,56,13.18527000,2394.89785200,0
1617896940000,181.59000000,181.88000000,181.59000000,181.78000000,170.14967000,1617896999999,30924.35078870,123,86.13334000,15652.54953180,0
1617897000000,181.78000000,181.87000000,181.50000000,181.50000000,110.35899000,1617897059999,20057.95703040,46,99.44455000,18075.66417560,0
1617897060000,181.51000000,182.25000000,181.51000000,182.16000000,223.10471000,1617897119999,40593.76641830,182,122.39066000,22266.41286320,0
1617897120000,182.17000000,182.36000000,181.91000000,182.04000000,1073.93272000,1617897179999,195607.52278190,248,257.98379000,47008.76056800,0
1617897180000,181.98000000,181.98000000,181.69000000,181.96000000,121.96948000,1617897239999,22178.93626880,125,55.24636000,10047.29551320,0
1617897240000,182.00000000,182.09000000,181.89000000,181.93000000,108.10826000,1617897299999,19676.92579120,65,60.99450000,11102.22684440,0
1617897300000,181.93000000,182.20000000,181.93000000,182.20000000,36.49539000,1617897359999,6643.89089510,28,32.35527000,5890.11722550,0
1617897360000,182.17000000,182.28000000,181.95000000,181.95000000,436.49062000,1617897419999,79502.94149220,99,77.29513000,14082.05175120,0
1617897420000,181.99000000,182.45000000,181.99000000,182.40000000,176.14474000,1617897479999,32095.26101610,96,139.05115000,25334.69559830,0
1617897480000,182.46000000,182.80000000,182.43000000,182.70000000,584.64546000,1617897539999,106779.26574530,292,422.31408000,77126.30676100,0
1617897540000,182.73000000,182.78000000,182.37000000,182.66000000,188.98729000,1617897599999,34489.69890140,98,123.11921000,22469.29425170,0
1617897600000,182.64000000,184.23000000,182.57000000,183.07000000,2082.48281000,1617897659999,382216.93473250,1031,1150.83800000,211182.41441000,0
1617897660000,183.08000000,184.00000000,183.03000000,184.00000000,890.46126000,1617897719999,163433.49299490,531,484.82714000,89029.52737640,0
1617897720000,183.91000000,184.60000000,183.35000000,183.81000000,1344.56012000,1617897779999,247299.44094980,855,633.95590000,116637.47153440,0
1617897780000,183.88000000,183.93000000,182.93000000,183.82000000,974.16705000,1617897839999,178809.28620420,660,464.04123000,85194.00103450,0
1617897840000,183.92000000,185.02000000,183.86000000,185.02000000,756.12378000,1617897899999,139680.10877630,436,431.74669000,79768.30901880,0
1617897900000,185.03000000,185.27000000,183.14000000,183.16000000,1775.52214000,1617897959999,327506.67957340,805,358.73216000,66227.79645300,0
1617897960000,183.16000000,184.21000000,183.16000000,183.54000000,833.97822000,1617898019999,153325.89317730,404,485.20494000,89225.06904630,0
1617898020000,183.55000000,183.58000000,183.06000000,183.48000000,178.39673000,1617898079999,32709.74513370,153,131.81936000,24172.83525240,0
1617898080000,183.50000000,183.55000000,183.08000000,183.08000000,80.34839000,1617898139999,14733.63526090,82,28.71437000,5265.36880900,0
1617898140000,183.16000000,183.27000000,182.36000000,182.75000000,345.60838000,1617898199999,63176.99662930,220,129.62468000,23683.43781870,0
1617898200000,182.74000000,183.10000000,182.59000000,182.59000000,183.13823000,1617898259999,33500.01038410,103,125.96875000,23045.31313960,0
1617898260000,182.58000000,182.65000000,182.24000000,182.62000000,111.58084000,1617898319999,20355.07326010,114,49.10590000,8962.38130700,0
1617898320000,182.59000000,182.69000000,182.26000000,182.46000000,108.29316000,1617898379999,19762.72731760,61,55.38358000,10109.65207300,0
1617898380000,182.41000000,182.92000000,182.41000000,182.81000000,414.93560000,1617898439999,75800.30981000,135,353.33420000,64546.33701050,0
1617898440000,182.74000000,182.85000000,182.12000000,182.27000000,226.15980000,1617898499999,41306.69096340,129,42.24488000,7716.30189940,0
1617898500000,182.33000000,182.93000000,182.33000000,182.75000000,82.88289000,1617898559999,15141.38636850,72,64.27191000,11741.39373330,0
1617898560000,182.64000000,182.67000000,182.21000000,182.26000000,64.72477000,1617898619999,11807.92119940,69,28.81372000,5256.96278900,0
1617898620000,182.27000000,182.50000000,182.20000000,182.20000000,75.33249000,1617898679999,13740.48717150,46,56.60208000,10324.93344290,0
1617898680000,182.20000000,182.21000000,181.52000000,181.95000000,441.86655000,1617898739999,80332.18044700,215,216.44837000,39343.84266380,0
1617898740000,181.95000000,182.39000000,181.81000000,181.89000000,90.16140000,1617898799999,16418.26605930,103,64.30703000,11710.73375600,0
1617898800000,181.99000000,182.61000000,181.99000000,182.38000000,168.99440000,1617898859999,30816.29641640,83,145.07469000,26452.01334430,0
1617898860000,182.38000000,182.60000000,182.38000000,182.43000000,165.30278000,1617898919999,30164.71112470,43,96.04371000,17523.75330770,0
1617898920000,182.43000000,182.44000000,182.12000000,182.16000000,30.31874000,1617898979999,5525.48335540,38,4.49570000,819.38451080,0
1617898980000,182.10000000,182.10000000,181.55000000,181.55000000,167.20553000,1617899039999,30401.69048480,98,48.90176000,8890.41436500,0
1617899040000,181.68000000,182.11000000,181.64000000,181.99000000,113.07183000,1617899099999,20570.79087010,57,60.65467000,11034.91619560,0
1617899100000,181.95000000,182.09000000,181.83000000,182.05000000,62.87564000,1617899159999,11439.96346070,42,20.11621000,3661.68019200,0
1617899160000,182.07000000,182.38000000,182.07000000,182.24000000,48.57613000,1617899219999,8852.52880510,45,37.06969000,6755.13448330,0
1617899220000,182.24000000,182.56000000,182.24000000,182.50000000,51.65281000,1617899279999,9423.17987190,33,46.53031000,8488.55025030,0
1617899280000,182.45000000,182.65000000,182.45000000,182.65000000,14.34723000,1617899339999,2618.99070180,24,4.34281000,792.97883080,0
1617899340000,182.65000000,182.68000000,182.58000000,182.61000000,20.55642000,1617899399999,3753.76809270,23,10.97816000,2004.96079150,0
1617899400000,182.61000000,182.69000000,182.39000000,182.40000000,41.68231000,1617899459999,7608.33513130,34,13.10050000,2392.72759450,0
1617899460000,182.44000000,182.44000000,182.04000000,182.05000000,43.82013000,1617899519999,7982.82396060,52,9.26729000,1688.68480570,0
1617899520000,182.06000000,182.21000000,182.02000000,182.12000000,110.73675000,1617899579999,20165.86171370,49,60.19196000,10962.43639970,0
1617899580000,182.04000000,182.93000000,182.04000000,182.91000000,98.67751000,1617899639999,18006.19883700,88,82.52883000,15063.73529060,0
1617899640000,182.91000000,182.91000000,182.52000000,182.55000000,50.68104000,1617899699999,9260.02663700,34,13.44161000,2458.00893700,0
1617899700000,182.57000000,182.90000000,182.40000000,182.90000000,153.30162000,1617899759999,27992.85908540,72,80.55243000,14711.20857320,0
1617899760000,182.92000000,183.31000000,182.90000000,183.29000000,66.31451000,1617899819999,12139.43882200,73,41.38477000,7575.64079110,0
1617899820000,183.29000000,183.54000000,183.10000000,183.43000000,478.87882000,1617899879999,87801.70337350,79,272.66564000,50004.73785540,0
1617899880000,183.54000000,183.54000000,182.96000000,182.96000000,77.64150000,1617899939999,14228.04629210,59,29.41640000,5387.35418410,0
1617899940000,182.96000000,183.10000000,182.89000000,183.06000000,42.25632000,1617899999999,7731.90444230,31,24.89087000,4555.39832090,0
1617900000000,183.09000000,183.09000000,182.62000000,182.83000000,121.38976000,1617900059999,22194.23017050,65,51.00059000,9325.49543750,0
1617900060000,182.83000000,182.98000000,182.74000000,182.79000000,129.97037000,1617900119999,23767.11686620,42,110.80609000,20262.42893320,0
1617900120000,182.87000000,182.89000000,182.60000000,182.69000000,41.90505000,1617900179999,7655.60260290,47,25.62139000,4681.33687750,0
1617900180000,182.69000000,182.71000000,182.51000000,182.71000000,51.97087000,1617900239999,9490.48162330,33,34.04509000,6217.59726190,0
1617900240000,182.80000000,183.46000000,182.80000000,183.43000000,91.93513000,1617900299999,16839.18060430,67,76.11546000,13938.23094690,0
1617900300000,183.34000000,183.49000000,183.21000000,183.35000000,38.25302000,1617900359999,7014.03820870,22,19.95690000,3659.93554550,0
1617900360000,183.44000000,183.45000000,182.91000000,182.98000000,174.85166000,1617900419999,32020.72047080,61,79.46219000,14552.70941980,0
1617900420000,183.00000000,183.21000000,182.94000000,182.95000000,126.83470000,1617900479999,23215.07337150,51,49.69597000,9097.59016760,0
1617900480000,183.02000000,183.02000000,182.36000000,182.53000000,100.45217000,1617900539999,18350.47752880,71,17.01466000,3106.68922610,0
1617900540000,182.45000000,182.48000000,182.33000000,182.38000000,80.40624000,1617900599999,14664.80452350,26,21.98050000,4009.47286800,0
1617900600000,182.47000000,182.58000000,182.47000000,182.50000000,41.96379000,1617900659999,7658.04138460,14,30.39168000,5545.82193730,0
1617900660000,182.45000000,182.59000000,182.27000000,182.27000000,58.01279000,1617900719999,10576.84546000,25,30.85452000,5624.93481440,0
1617900720000,182.31000000,182.62000000,182.31000000,182.39000000,51.06114000,1617900779999,9318.18295150,28,42.24951000,7710.76961920,0
1617900780000,182.32000000,182.39000000,182.26000000,182.39000000,20.84792000,1617900839999,3801.63320410,23,15.01359000,2738.02204400,0
1617900840000,182.38000000,182.66000000,182.38000000,182.52000000,34.95893000,1617900899999,6381.92615090,22,30.54731000,5576.61489910,0
1617900900000,182.45000000,182.51000000,182.32000000,182.41000000,23.23973000,1617900959999,4238.67363230,22,9.18087000,1674.51201580,0
1617900960000,182.49000000,182.62000000,182.30000000,182.62000000,57.51246000,1617901019999,10493.09621930,40,22.51120000,4108.20283850,0
1617901020000,182.61000000,182.78000000,182.58000000,182.66000000,65.77467000,1617901079999,12016.68460030,42,35.92195000,6562.40248810,0
1617901080000,182.60000000,182.64000000,182.20000000,182.20000000,46.49948000,1617901139999,8481.66208760,62,27.12288000,4947.55551480,0
1617901140000,182.22000000,182.69000000,182.11000000,182.61000000,44.55714000,1617901199999,8127.15686290,56,37.90433000,6914.96546460,0
1617901200000,182.66000000,182.69000000,182.32000000,182.32000000,68.05539000,1617901259999,12425.42602470,31,1.25556000,228.98625480,0
1617901260000,182.30000000,182.41000000,182.01000000,182.01000000,49.03636000,1617901319999,8935.82352790,57,19.24158000,3506.85829560,0
1617901320000,182.08000000,182.72000000,182.06000000,182.46000000,190.69675000,1617901379999,34793.04358040,79,139.29906000,25414.09222520,0
1617901380000,182.51000000,182.51000000,182.27000000,182.27000000,21.71583000,1617901439999,3959.99154110,16,3.30319000,602.20815840,0
1617901440000,182.27000000,182.57000000,182.27000000,182.57000000,14.78089000,1617901499999,2697.13174780,19,12.45240000,2272.59787550,0
1617901500000,182.57000000,182.63000000,182.45000000,182.45000000,14.44572000,1617901559999,2637.03149310,34,5.19030000,947.64853850,0
1617901560000,182.47000000,182.76000000,182.41000000,182.69000000,79.12976000,1617901619999,14442.37018200,41,56.36213000,10287.41734950,0
1617901620000,182.72000000,182.72000000,182.42000000,182.58000000,56.96419000,1617901679999,10397.52302450,33,33.24387000,6066.96431950,0
1617901680000,182.52000000,182.60000000,182.26000000,182.26000000,16.52118000,1617901739999,3014.21059440,28,10.12265000,1847.19463860,0
1617901740000,182.37000000,182.40000000,182.20000000,182.20000000,17.85786000,1617901799999,3255.27169330,17,1.05483000,192.30934710,0
1617901800000,182.28000000,182.31000000,182.22000000,182.22000000,36.89977000,1617901859999,6725.92992840,15,27.24108000,4965.75769300,0
1617901860000,182.22000000,182.40000000,182.04000000,182.06000000,857.04422000,1617901919999,156236.56948170,91,788.01619000,143659.95556500,0
1617901920000,182.04000000,182.11000000,181.92000000,181.99000000,142.88476000,1617901979999,26008.72587820,60,5.88543000,1071.34197250,0
1617901980000,181.99000000,181.99000000,181.55000000,181.66000000,454.74015000,1617902039999,82614.71046340,147,78.84778000,14322.73376430,0
1617902040000,181.61000000,181.63000000,180.79000000,180.99000000,938.77633000,1617902099999,170042.78047100,336,193.05084000,34970.97506490,0
1617902100000,180.95000000,181.68000000,180.95000000,181.43000000,510.16726000,1617902159999,92523.73890170,207,324.59806000,58879.36613390,0
1617902160000,181.37000000,181.73000000,181.28000000,181.70000000,173.55734000,1617902219999,31497.80695090,79,131.28721000,23832.13198190,0
1617902220000,181.69000000,181.74000000,181.48000000,181.51000000,292.61150000,1617902279999,53157.99999920,67,96.63641000,17557.22158750,0
1617902280000,181.51000000,181.66000000,181.46000000,181.55000000,74.08503000,1617902339999,13451.46740740,57,26.08844000,4737.23777310,0
1617902340000,181.56000000,181.56000000,181.52000000,181.56000000,13.77104000,1617902399999,2500.11794900,16,10.01439000,1818.13422980,0
1617902400000,181.58000000,181.63000000,181.39000000,181.49000000,91.91547000,1617902459999,16683.99181570,69,42.20604000,7660.18922610,0
1617902460000,181.53000000,181.53000000,181.40000000,181.44000000,47.82093000,1617902519999,8677.89096230,31,29.44560000,5343.18203370,0
1617902520000,181.49000000,181.51000000,181.06000000,181.06000000,78.17128000,1617902579999,14177.19957950,71,23.53775000,4268.54018770,0
1617902580000,181.04000000,181.74000000,180.65000000,181.74000000,353.59800000,1617902639999,64017.56718250,204,240.10642000,43494.26391470,0
1617902640000,181.74000000,181.82000000,181.34000000,181.34000000,180.02143000,1617902699999,32709.10479710,77,135.20582000,24570.39056320,0
1617902700000,181.34000000,181.46000000,181.18000000,181.39000000,35.49680000,1617902759999,6437.23860580,36,6.69549000,1214.14681130,0
1617902760000,181.43000000,181.61000000,181.43000000,181.56000000,50.19488000,1617902819999,9109.83746460,22,42.73858000,7756.13199500,0
1617902820000,181.53000000,181.53000000,180.97000000,181.01000000,13.27632000,1617902879999,2405.69718310,30,1.53447000,278.34966970,0
1617902880000,181.01000000,181.32000000,181.01000000,181.02000000,29.75947000,1617902939999,5394.21269970,16,6.89774000,1249.46781510,0
1617902940000,181.00000000,181.35000000,181.00000000,181.14000000,60.18704000,1617902999999,10904.06459530,39,36.72281000,6653.45921500,0
1617903000000,181.26000000,181.34000000,180.98000000,181.00000000,58.50086000,1617903059999,10595.34820040,32,19.14264000,3467.27262840,0
1617903060000,180.96000000,180.96000000,180.74000000,180.74000000,134.06668000,1617903119999,24242.25932330,62,45.33323000,8195.36316430,0
1617903120000,180.77000000,180.77000000,180.50000000,180.50000000,78.75819000,1617903179999,14222.08202530,81,42.39416000,7653.95316950,0
1617903180000,180.50000000,180.55000000,180.21000000,180.37000000,373.21493000,1617903239999,67314.07987760,121,60.94451000,10993.22285820,0
1617903240000,180.37000000,181.29000000,180.29000000,181.00000000,274.44836000,1617903299999,49614.61905350,162,246.67209000,44593.08707150,0
1617903300000,181.07000000,181.07000000,180.85000000,181.00000000,26.78972000,1617903359999,4846.89744800,31,13.61995000,2464.14910340,0
1617903360000,181.08000000,181.19000000,181.08000000,181.10000000,95.71134000,1617903419999,17341.83842850,23,94.30328000,17086.74937550,0
1617903420000,181.17000000,181.17000000,181.01000000,181.11000000,17.99996000,1617903479999,3259.95159930,11,5.95564000,1078.83649400,0
1617903480000,181.17000000,181.33000000,181.07000000,181.10000000,35.96630000,1617903539999,6518.33115960,27,30.79807000,5582.26568190,0
1617903540000,181.08000000,181.27000000,181.06000000,181.25000000,17.90797000,1617903599999,3243.22208410,11,7.14609000,1294.51890980,0
1617903600000,181.24000000,181.29000000,181.09000000,181.13000000,52.73626000,1617903659999,9554.62544510,17,26.97269000,4885.64823770,0
1617903660000,181.21000000,181.39000000,181.21000000,181.38000000,33.53922000,1617903719999,6080.70456550,21,32.49788000,5891.90962350,0
1617903720000,181.38000000,181.40000000,181.25000000,181.38000000,18.55824000,1617903779999,3364.71974930,18,15.30697000,2775.13968740,0
1617903780000,181.39000000,181.76000000,181.39000000,181.66000000,37.89632000,1617903839999,6880.40407390,61,34.74626000,6308.58919450,0
1617903840000,181.73000000,181.81000000,181.63000000,181.72000000,310.57882000,1617903899999,56456.38639260,23,54.95779000,9988.54644770,0
1617903900000,181.55000000,181.89000000,181.55000000,181.85000000,31.10668000,1617903959999,5656.53904490,22,11.17440000,2031.65595430,0
1617903960000,181.90000000,182.09000000,181.86000000,182.08000000,146.07648000,1617904019999,26595.89942160,55,61.84831000,11259.68692800,0
1617904020000,182.04000000,182.05000000,181.88000000,181.88000000,27.54004000,1617904079999,5010.85478200,14,1.09557000,199.37952860,0
1617904080000,181.88000000,182.00000000,181.88000000,181.93000000,8.44843000,1617904139999,1537.28117260,17,6.35285000,1156.09803420,0
1617904140000,181.87000000,181.89000000,181.28000000,181.53000000,333.60501000,1617904199999,60508.77528050,69,66.24985000,12011.65464540,0
1617904200000,181.40000000,181.58000000,181.29000000,181.29000000,32.82682000,1617904259999,5957.01138690,23,9.10363000,1652.71247610,0
1617904260000,181.28000000,181.42000000,181.15000000,181.37000000,51.72299000,1617904319999,9374.55063880,29,42.57414000,7715.20847800,0
1617904320000,181.37000000,181.78000000,181.37000000,181.78000000,48.97888000,1617904379999,8896.37059690,45,32.61964000,5923.48626550,0
1617904380000,181.80000000,182.08000000,181.80000000,181.96000000,99.38991000,1617904439999,18086.68494120,48,85.36398000,15535.14491810,0
1617904440000,181.91000000,181.96000000,181.35000000,181.53000000,113.74345000,1617904499999,20659.54939560,77,28.48680000,5179.84834830,0
1617904500000,181.50000000,181.94000000,181.50000000,181.84000000,55.23519000,1617904559999,10042.62104950,31,49.71182000,9038.57040030,0
1617904560000,181.86000000,181.94000000,181.84000000,181.94000000,8.48763000,1617904619999,1543.58579650,16,1.40450000,255.47872070,0
1617904620000,181.88000000,181.96000000,181.84000000,181.96000000,36.28567000,1617904679999,6600.93629540,21,33.27332000,6053.05007740,0
1617904680000,181.86000000,181.97000000,181.86000000,181.94000000,7.23544000,1617904739999,1316.15053830,15,6.23299000,1133.76478530,0
1617904740000,181.95000000,182.07000000,181.95000000,182.03000000,21.60914000,1617904799999,3932.67865650,18,12.81082000,2331.37466650,0
1617904800000,182.00000000,182.07000000,181.83000000,181.83000000,163.15201000,1617904859999,29680.32174800,40,6.63254000,1207.40962100,0
1617904860000,181.91000000,181.92000000,181.31000000,181.31000000,95.32877000,1617904919999,17305.03897970,66,23.64340000,4288.82333080,0
1617904920000,181.30000000,181.30000000,181.16000000,181.23000000,62.84721000,1617904979999,11390.92307750,39,39.16786000,7099.28102020,0
1617904980000,181.23000000,181.46000000,181.15000000,181.36000000,55.13078000,1617905039999,9997.54370530,33,41.68727000,7560.57908320,0
1617905040000,181.34000000,181.76000000,181.34000000,181.69000000,14.53557000,1617905099999,2639.60443950,43,10.05631000,1825.98144050,0
1617905100000,181.61000000,181.72000000,181.61000000,181.70000000,4.91751000,1617905159999,893.48267460,11,4.30909000,782.92740850,0
1617905160000,181.72000000,181.78000000,181.43000000,181.49000000,41.61244000,1617905219999,7557.40880740,28,2.14785000,390.07718820,0
1617905220000,181.49000000,181.62000000,181.47000000,181.57000000,6.76571000,1617905279999,1228.34599050,16,4.84882000,880.28944110,0
1617905280000,181.61000000,181.63000000,181.30000000,181.38000000,31.12956000,1617905339999,5647.09970430,31,5.05531000,917.35455180,0
1617905340000,181.36000000,181.36000000,180.80000000,180.80000000,91.11641000,1617905399999,16496.31630320,75,17.90096000,3242.30132650,0
1617905400000,180.81000000,181.59000000,180.81000000,181.59000000,198.50679000,1617905459999,35983.56116030,117,180.42606000,32703.38607320,0
1617905460000,181.60000000,182.09000000,181.54000000,181.84000000,114.68930000,1617905519999,20849.92382930,90,44.90348000,8165.85195920,0
1617905520000,181.93000000,182.43000000,181.87000000,182.34000000,205.64664000,1617905579999,37460.16067050,120,194.58443000,35443.63449560,0
1617905580000,182.30000000,182.39000000,182.22000000,182.36000000,25.54219000,1617905639999,4656.95491980,24,17.00532000,3100.81896390,0
1617905640000,182.36000000,182.41000000,182.25000000,182.25000000,109.29501000,1617905699999,19925.88384010,40,21.81420000,3977.74724670,0
1617905700000,182.26000000,182.43000000,182.17000000,182.37000000,45.50955000,1617905759999,8294.71173160,40,37.97475000,6921.72930020,0
1617905760000,182.37000000,182.68000000,182.35000000,182.54000000,43.32987000,1617905819999,7909.14512820,62,31.86281000,5817.00993500,0
1617905820000,182.58000000,182.66000000,182.13000000,182.28000000,83.58953000,1617905879999,15241.52116560,70,47.55680000,8669.21551630,0
1617905880000,182.22000000,182.29000000,182.00000000,182.00000000,75.11688000,1617905939999,13683.81267320,38,31.65760000,5768.47236480,0
1617905940000,182.01000000,182.01000000,181.71000000,181.71000000,56.31232000,1617905999999,10241.09673700,49,1.61906000,294.33822920,0
1617906000000,181.72000000,181.89000000,181.72000000,181.82000000,56.55840000,1617906059999,10281.19033820,25,27.18594000,4942.75311540,0
1617906060000,181.82000000,181.96000000,181.74000000,181.86000000,51.38394000,1617906119999,9345.05132750,29,26.09669000,4747.73823780,0
1617906120000,181.81000000,181.95000000,181.79000000,181.86000000,31.06948000,1617906179999,5650.15901320,21,15.92841000,2896.91237470,0
1617906180000,181.86000000,181.88000000,181.70000000,181.73000000,33.94693000,1617906239999,6172.23350430,20,32.76542000,5957.50071220,0
1617906240000,181.73000000,182.00000000,181.73000000,181.95000000,5.19305000,1617906299999,944.53302570,10,1.45177000,263.96849990,0
1617906300000,182.00000000,182.37000000,182.00000000,182.34000000,198.17608000,1617906359999,36121.73602190,60,158.89754000,28967.02288870,0
1617906360000,182.31000000,182.48000000,182.31000000,182.41000000,54.64696000,1617906419999,9967.49529330,28,52.03670000,9491.32980750,0
1617906420000,182.41000000,182.41000000,182.23000000,182.28000000,32.27426000,1617906479999,5882.38595950,24,21.70790000,3956.42856030,0
1617906480000,182.23000000,182.52000000,182.20000000,182.20000000,207.12588000,1617906539999,37763.55673150,72,48.74911000,8892.71253080,0
1617906540000,182.18000000,182.18000000,181.74000000,181.81000000,232.63105000,1617906599999,42321.38860740,98,65.47396000,11906.35954580,0
1617906600000,181.81000000,182.24000000,181.70000000,182.24000000,85.65252000,1617906659999,15581.21621540,64,59.94769000,10907.31537800,0
1617906660000,182.24000000,182.48000000,182.16000000,182.17000000,60.78644000,1617906719999,11085.65603480,64,21.01143000,3832.09188720,0
1617906720000,182.16000000,182.16000000,181.90000000,182.04000000,71.66908000,1617906779999,13046.81222560,48,28.09784000,5116.24914640,0
1617906780000,182.02000000,182.29000000,182.00000000,182.08000000,246.41593000,1617906839999,44894.91601750,74,221.07606000,40279.65621700,0
1617906840000,182.13000000,182.60000000,182.04000000,182.48000000,48.67732000,1617906899999,8878.76670210,59,34.47634000,6287.79610480,0
1617906900000,182.48000000,182.67000000,182.45000000,182.59000000,34.40612000,1617906959999,6279.63064050,41,12.11394000,2211.66903680,0
1617906960000,182.64000000,182.68000000,182.37000000,182.44000000,35.36084000,1617907019999,6454.13337670,44,12.37248000,2258.75014280,0
1617907020000,182.41000000,182.54000000,182.40000000,182.54000000,73.50895000,1617907079999,13413.64107710,31,16.82287000,3069.38931470,0
1617907080000,182.50000000,182.63000000,182.44000000,182.50000000,122.90321000,1617907139999,22434.19015480,34,8.25025000,1506.70474250,0
1617907140000,182.50000000,182.50000000,181.87000000,182.08000000,529.39819000,1617907199999,96381.14778310,116,63.23296000,11522.38863560,0
1617907200000,182.00000000,182.18000000,181.94000000,182.12000000,26.46589000,1617907259999,4818.38951940,27,10.59850000,1929.92163420,0
1617907260000,182.14000000,182.30000000,182.11000000,182.28000000,20.04953000,1617907319999,3652.59491810,33,5.49432000,1001.38538760,0
1617907320000,182.21000000,182.42000000,182.21000000,182.37000000,43.59064000,1617907379999,7947.53405370,34,29.89522000,5449.96937040,0
1617907380000,182.37000000,182.50000000,181.70000000,181.71000000,410.66647000,1617907439999,74751.26501120,109,121.14784000,22034.62413510,0
1617907440000,181.70000000,182.27000000,181.70000000,182.18000000,64.90765000,1617907499999,11815.87647050,61,38.04237000,6923.91168490,0
1617907500000,182.26000000,182.27000000,181.92000000,181.92000000,26.11681000,1617907559999,4758.11837620,38,8.95618000,1632.37169340,0
1617907560000,181.90000000,181.98000000,181.75000000,181.75000000,20.21277000,1617907619999,3675.34157900,42,3.85547000,701.12136520,0
1617907620000,181.75000000,182.16000000,181.71000000,182.11000000,50.91352000,1617907679999,9264.68302180,54,38.72094000,7045.37396970,0
1617907680000,182.11000000,182.18000000,181.97000000,181.97000000,15.63718000,1617907739999,2847.00445700,23,0.83459000,151.99695220,0
1617907740000,181.97000000,182.06000000,181.70000000,181.75000000,130.87152000,1617907799999,23797.02833060,63,26.86271000,4885.99099070,0
1617907800000,181.83000000,182.02000000,181.70000000,181.96000000,46.70465000,1617907859999,8493.85117990,40,27.46880000,4996.59482310,0
1617907860000,182.02000000,182.08000000,181.68000000,181.68000000,48.88057000,1617907919999,8891.43047200,56,11.62496000,2114.46163510,0
1617907920000,181.68000000,181.70000000,181.60000000,181.60000000,18.96042000,1617907979999,3444.39365060,30,3.31953000,603.12011090,0
1617907980000,181.60000000,181.68000000,181.55000000,181.56000000,20.35345000,1617908039999,3696.64710270,35,3.57829000,650.07845790,0
1617908040000,181.59000000,181.73000000,181.58000000,181.60000000,24.46178000,1617908099999,4443.12130770,27,10.14874000,1843.52555200,0
1617908100000,181.60000000,181.66000000,181.54000000,181.62000000,17.47137000,1617908159999,3172.65813570,18,0.89207000,162.03856880,0
1617908160000,181.69000000,181.98000000,181.69000000,181.97000000,90.57145000,1617908219999,16471.86634950,40,28.84761000,5245.18430740,0
1617908220000,181.90000000,181.92000000,181.67000000,181.67000000,34.59777000,1617908279999,6290.82730550,27,12.25979000,2228.93040650,0
1617908280000,181.66000000,181.70000000,181.52000000,181.66000000,26.47556000,1617908339999,4808.19504760,18,13.12681000,2384.10510570,0
1617908340000,181.65000000,181.68000000,181.52000000,181.60000000,26.69468000,1617908399999,4848.97076920,18,22.40465000,4069.81514560,0
1617908400000,181.61000000,182.18000000,181.61000000,182.09000000,45.40100000,1617908459999,8259.35313490,65,38.38299000,6982.18263860,0
1617908460000,182.17000000,182.17000000,181.75000000,181.77000000,44.86423000,1617908519999,8167.77905390,42,25.03835000,4559.02523310,0
1617908520000,181.76000000,182.00000000,181.60000000,181.90000000,173.28652000,1617908579999,31509.33175690,65,47.82011000,8697.48782330,0
1617908580000,181.88000000,182.19000000,181.88000000,182.17000000,98.48847000,1617908639999,17926.30421480,51,83.63799000,15223.35121240,0
1617908640000,182.13000000,182.15000000,182.02000000,182.15000000,88.41631000,1617908699999,16097.99325930,20,14.33131000,2610.01508280,0
1617908700000,182.20000000,182.29000000,182.20000000,182.22000000,38.56607000,1617908759999,7028.22264110,22,29.68285000,5409.49288780,0
1617908760000,182.24000000,182.26000000,181.78000000,181.81000000,31.59479000,1617908819999,5753.15827910,37,3.08417000,561.61700500,0
1617908820000,181.85000000,182.03000000,181.78000000,182.03000000,26.10920000,1617908879999,4748.61275500,24,25.90920000,4712.25542160,0
1617908880000,181.94000000,182.08000000,181.92000000,182.05000000,16.95832000,1617908939999,3085.97176130,20,13.35590000,2430.49342090,0
1617908940000,182.06000000,182.06000000,181.80000000,182.00000000,46.87465000,1617908999999,8528.17191660,28,29.75336000,5413.30254760,0
1617909000000,181.85000000,182.02000000,181.76000000,182.02000000,69.40565000,1617909059999,12621.15745160,40,29.52756000,5372.26981350,0
1617909060000,182.06000000,182.06000000,181.77000000,181.77000000,50.39281000,1617909119999,9168.85520490,24,4.83610000,880.06275300,0
1617909120000,181.80000000,181.80000000,181.70000000,181.76000000,14.93453000,1617909179999,2714.75256620,15,6.90582000,1255.44252950,0
1617909180000,181.72000000,181.85000000,181.69000000,181.85000000,19.46931000,1617909239999,3539.75035990,9,19.13186000,3478.43357140,0
1617909240000,181.74000000,181.83000000,181.71000000,181.80000000,21.49417000,1617909299999,3907.54857240,13,20.20458000,3673.19825310,0
1617909300000,181.72000000,181.79000000,181.71000000,181.78000000,8.76123000,1617909359999,1592.26745140,10,1.79741000,326.62534520,0
1617909360000,181.80000000,181.87000000,181.80000000,181.86000000,27.44939000,1617909419999,4991.73667230,23,12.87677000,2341.67851970,0
1617909420000,181.86000000,181.87000000,181.80000000,181.80000000,10.93872000,1617909479999,1988.89357910,19,3.15249000,573.28395350,0
1617909480000,181.81000000,181.81000000,181.30000000,181.58000000,406.00409000,1617909539999,73764.91210880,95,49.61438000,9002.32454420,0
1617909540000,181.58000000,181.58000000,181.21000000,181.21000000,15.81613000,1617909599999,2869.16828540,31,1.43501000,260.34219690,0
1617909600000,181.24000000,181.34000000,181.22000000,181.32000000,40.53448000,1617909659999,7347.65942740,14,2.56232000,464.56653040,0
1617909660000,181.29000000,181.36000000,180.90000000,181.00000000,129.36543000,1617909719999,23440.94377540,74,14.35581000,2601.88864790,0
1617909720000,180.93000000,181.20000000,180.92000000,181.20000000,34.31325000,1617909779999,6213.26428820,29,12.94690000,2344.41779970,0
1617909780000,181.21000000,181.78000000,181.19000000,181.78000000,278.99916000,1617909839999,50649.83670390,100,250.70210000,45519.29264920,0
1617909840000,181.80000000,181.90000000,181.58000000,181.65000000,45.12172000,1617909899999,8203.42370260,37,24.81058000,4510.80646620,0
1617909900000,181.70000000,181.86000000,181.66000000,181.66000000,34.70671000,1617909959999,6307.08430610,10,32.87625000,5974.40245730,0
1617909960000,181.66000000,182.00000000,181.62000000,181.86000000,92.71587000,1617910019999,16851.07271510,24,67.08292000,12193.29012960,0
1617910020000,181.90000000,181.97000000,181.88000000,181.93000000,64.21787000,1617910079999,11683.53089850,33,23.35497000,4248.84489950,0
1617910080000,181.96000000,181.96000000,181.89000000,181.95000000,3.04859000,1617910139999,554.62108150,9,0.72722000,132.32324740,0
1617910140000,181.87000000,181.90000000,181.58000000,181.59000000,63.50588000,1617910199999,11538.09497880,27,11.55303000,2100.85521220,0
1617910200000,181.66000000,182.07000000,181.66000000,182.06000000,107.83548000,1617910259999,19606.12985530,58,94.99384000,17272.07576970,0
1617910260000,182.02000000,182.10000000,181.96000000,181.98000000,26.11404000,1617910319999,4753.23030150,18,21.80242000,3968.43345810,0
1617910320000,182.06000000,182.06000000,182.02000000,182.03000000,21.83540000,1617910379999,3974.94228070,13,12.91576000,2351.22121150,0
1617910380000,182.04000000,182.05000000,181.85000000,181.92000000,23.50698000,1617910439999,4277.74889880,17,5.05311000,919.62674420,0
1617910440000,181.93000000,182.01000000,181.80000000,182.00000000,48.80690000,1617910499999,8878.35238700,45,28.72914000,5226.13591630,0
1617910500000,182.01000000,182.01000000,181.64000000,181.68000000,515.17707000,1617910559999,93694.42576800,104,412.33037000,74986.69394850,0
1617910560000,181.64000000,181.72000000,181.38000000,181.44000000,146.35436000,1617910619999,26567.75975790,73,22.12857000,4017.22414840,0
1617910620000,181.42000000,181.45000000,180.98000000,180.99000000,462.13816000,1617910679999,83678.05247000,97,397.69130000,72002.92501280,0
1617910680000,180.99000000,180.99000000,180.76000000,180.86000000,837.50370000,1617910739999,151457.39877750,163,523.71408000,94710.54472530,0
1617910740000,180.82000000,180.88000000,180.64000000,180.77000000,733.80301000,1617910799999,132642.42679820,240,604.25158000,109226.52513520,0
1617910800000,180.77000000,181.01000000,180.54000000,180.95000000,157.60598000,1617910859999,28485.35039170,102,73.47435000,13285.27936360,0
1617910860000,180.99000000,181.22000000,180.82000000,180.82000000,137.91099000,1617910919999,24962.65202560,79,33.34384000,6038.31159750,0
1617910920000,180.80000000,180.80000000,180.56000000,180.57000000,175.39589000,1617910979999,31679.10188740,64,64.42148000,11634.11639530,0
1617910980000,180.57000000,180.57000000,180.26000000,180.26000000,277.36456000,1617911039999,50050.96659990,136,165.76439000,29917.67792990,0
1617911040000,180.33000000,180.35000000,180.02000000,180.03000000,353.42432000,1617911099999,63662.23971660,126,102.05278000,18382.57318300,0
1617911100000,180.03000000,180.28000000,180.01000000,180.10000000,157.95294000,1617911159999,28453.74690630,65,61.24364000,11034.27881410,0
1617911160000,180.03000000,180.16000000,180.01000000,180.02000000,51.79914000,1617911219999,9325.60230350,33,47.36432000,8527.13845720,0
1617911220000,180.19000000,180.26000000,180.10000000,180.10000000,50.48186000,1617911279999,9095.65164170,28,24.88832000,4485.07046810,0
1617911280000,180.08000000,180.23000000,180.07000000,180.19000000,20.48447000,1617911339999,3689.55101060,18,12.27448000,2211.16077930,0
1617911340000,180.15000000,180.15000000,179.94000000,180.00000000,201.04289000,1617911399999,36189.80092690,87,35.62075000,6412.71450470,0
1617911400000,180.05000000,180.17000000,180.05000000,180.14000000,25.32217000,1617911459999,4561.22459390,23,21.15139000,3810.03867850,0
1617911460000,180.15000000,180.24000000,180.13000000,180.21000000,29.49565000,1617911519999,5313.83536590,22,5.27944000,951.24363070,0
1617911520000,180.18000000,180.44000000,180.16000000,180.44000000,101.17586000,1617911579999,18242.43778400,40,92.43136000,16666.42708030,0
1617911580000,180.44000000,180.47000000,180.28000000,180.28000000,19.99731000,1617911639999,3608.02433460,19,11.69568000,2110.45280280,0
1617911640000,180.26000000,180.26000000,179.77000000,179.85000000,144.86891000,1617911699999,26057.40944970,103,38.23157000,6875.42692930,0
1617911700000,179.85000000,180.28000000,179.85000000,180.25000000,140.64627000,1617911759999,25320.32090060,67,115.75578000,20837.76449610,0
1617911760000,180.28000000,180.79000000,180.28000000,180.79000000,201.78380000,1617911819999,36415.01245980,97,90.92428000,16417.31796230,0
1617911820000,180.70000000,180.70000000,180.40000000,180.40000000,10.71949000,1617911879999,1936.07620470,18,0.36960000,66.73497600,0
1617911880000,180.45000000,180.59000000,180.18000000,180.59000000,26.98489000,1617911939999,4867.74043630,41,11.47041000,2070.70746700,0
1617911940000,180.60000000,180.71000000,180.58000000,180.58000000,24.81410000,1617911999999,4481.99093740,16,7.21410000,1303.37293740,0
1617912000000,180.61000000,180.78000000,180.59000000,180.78000000,123.94138000,1617912059999,22390.45681690,35,43.66793000,7890.34012970,0
1617912060000,180.73000000,180.89000000,180.69000000,180.89000000,51.40408000,1617912119999,9291.82394730,29,26.48973000,4788.87326280,0
1617912120000,180.88000000,181.12000000,180.88000000,180.95000000,111.74511000,1617912179999,20228.65054690,51,40.66925000,7361.04253480,0
1617912180000,180.94000000,180.94000000,180.74000000,180.78000000,21.63067000,1617912239999,3910.48223850,21,12.38903000,2239.52502160,0
1617912240000,180.72000000,180.78000000,180.62000000,180.65000000,13.65957000,1617912299999,2467.62194340,20,1.20247000,217.29582550,0
1617912300000,180.60000000,180.66000000,180.52000000,180.58000000,16.99704000,1617912359999,3069.44750360,28,2.57032000,464.31915420,0
1617912360000,180.66000000,180.96000000,180.66000000,180.88000000,21.09612000,1617912419999,3814.62638630,24,10.94115000,1978.04258260,0
1617912420000,180.77000000,180.77000000,180.50000000,180.53000000,34.20343000,1617912479999,6177.25426740,28,13.61570000,2459.43925020,0
1617912480000,180.54000000,180.80000000,180.54000000,180.64000000,43.98352000,1617912539999,7945.62216790,30,32.48388000,5868.43871100,0
1617912540000,180.64000000,180.64000000,180.36000000,180.36000000,38.58774000,1617912599999,6966.18779030,37,11.41643000,2061.67815640,0
1617912600000,180.39000000,180.47000000,180.20000000,180.42000000,106.44068000,1617912659999,19194.16860030,79,47.00303000,8480.47296220,0
1617912660000,180.42000000,180.42000000,180.31000000,180.36000000,24.54719000,1617912719999,4428.16459290,34,2.29180000,413.37723030,0
1617912720000,180.37000000,180.59000000,180.37000000,180.46000000,82.81481000,1617912779999,14946.11382840,35,29.60813000,5342.20828560,0
1617912780000,180.51000000,180.51000000,180.28000000,180.33000000,83.80802000,1617912839999,15120.64849550,34,34.63543000,6250.35983330,0
1617912840000,180.30000000,180.30000000,180.10000000,180.28000000,377.16755000,1617912899999,67949.52762410,104,179.49898000,32336.02369720,0
1617912900000,180.28000000,180.41000000,180.19000000,180.19000000,130.55324000,1617912959999,23538.72348040,46,64.93494000,11708.26354490,0
1617912960000,180.22000000,180.22000000,180.10000000,180.17000000,44.46542000,1617913019999,8012.30870290,28,18.17082000,3274.45280940,0
1617913020000,180.15000000,180.15000000,179.92000000,180.03000000,57.07642000,1617913079999,10276.23716690,42,24.55189000,4419.50451350,0
1617913080000,179.96000000,179.98000000,179.82000000,179.85000000,277.96398000,1617913139999,50027.56552490,55,275.07261000,49507.39772750,0
1617913140000,179.82000000,179.97000000,179.79000000,179.97000000,128.11845000,1617913199999,23036.19091770,48,92.93890000,16710.39813040,0
1617913200000,179.93000000,179.99000000,179.83000000,179.91000000,275.00985000,1617913259999,49477.52490540,78,133.58202000,24033.17761210,0
1617913260000,179.91000000,180.07000000,179.83000000,180.07000000,194.49889000,1617913319999,34996.82072490,45,121.27274000,21824.76334760,0
1617913320000,180.07000000,180.10000000,180.07000000,180.10000000,31.93629000,1617913379999,5751.13764290,24,30.46429000,5486.04516290,0
1617913380000,180.12000000,180.54000000,180.12000000,180.47000000,108.63796000,1617913439999,19595.22599350,67,63.35974000,11427.44104830,0
1617913440000,180.54000000,180.58000000,180.52000000,180.58000000,38.23654000,1617913499999,6903.22429690,23,19.10910000,3449.94543020,0
1617913500000,180.57000000,180.57000000,180.37000000,180.52000000,88.64291000,1617913559999,15996.86928190,52,29.51854000,5328.38376730,0
1617913560000,180.44000000,180.44000000,180.34000000,180.42000000,27.99494000,1617913619999,5050.45218480,28,3.49285000,630.02030580,0
1617913620000,180.48000000,180.48000000,180.39000000,180.43000000,20.30320000,1617913679999,3663.53394470,21,5.48616000,990.06116210,0
1617913680000,180.39000000,180.58000000,180.39000000,180.58000000,10.00938000,1617913739999,1806.44209040,17,5.06491000,914.50256470,0
1617913740000,180.57000000,180.57000000,180.40000000,180.40000000,24.58571000,1617913799999,4438.24549050,17,6.10294000,1101.36095390,0
1617913800000,180.50000000,181.05000000,180.45000000,181.01000000,441.63981000,1617913859999,79824.94529910,145,233.90813000,42288.55694930,0
1617913860000,181.03000000,181.06000000,180.81000000,180.81000000,102.30200000,1617913919999,18510.63684900,38,23.65030000,4281.08597420,0
1617913920000,180.81000000,180.82000000,180.48000000,180.48000000,83.09889000,1617913979999,15012.50618390,39,15.32897000,2769.46858070,0
1617913980000,180.52000000,180.57000000,180.00000000,180.00000000,336.72154000,1617914039999,60710.13880910,104,136.60571000,24636.47419250,0
1617914040000,180.01000000,180.16000000,179.95000000,179.95000000,115.53960000,1617914099999,20801.79094070,50,42.31328000,7620.91155500,0
1617914100000,179.94000000,180.09000000,179.89000000,179.99000000,26.49300000,1617914159999,4767.75533160,25,8.53894000,1537.22053250,0
1617914160000,179.94000000,179.94000000,179.51000000,179.80000000,262.89373000,1617914219999,47229.49646190,152,56.69329000,10179.78142080,0
1617914220000,179.82000000,179.99000000,179.72000000,179.82000000,37.76189000,1617914279999,6793.00185490,38,36.79203000,6618.58020830,0
1617914280000,179.79000000,179.80000000,179.58000000,179.58000000,90.30337000,1617914339999,16227.32170300,37,26.86102000,4828.09629160,0
1617914340000,179.59000000,179.84000000,179.51000000,179.84000000,69.67067000,1617914399999,12513.54503020,37,29.11783000,5229.56725040,0
1617914400000,179.85000000,180.63000000,179.85000000,180.60000000,172.04041000,1617914459999,31028.35094870,124,78.08170000,14070.84523540,0
1617914460000,180.62000000,180.63000000,180.14000000,180.18000000,42.08372000,1617914519999,7597.16121640,24,1.96658000,354.84373780,0
1617914520000,180.17000000,180.26000000,180.17000000,180.18000000,16.23797000,1617914579999,2926.23563940,14,4.59946000,829.05209200,0
1617914580000,180.34000000,180.34000000,180.00000000,180.22000000,52.55562000,1617914639999,9465.80850140,35,19.46204000,3505.36490010,0
1617914640000,180.18000000,180.32000000,180.09000000,180.09000000,12.95040000,1617914699999,2334.54273310,14,8.30959000,1497.95866540,0
1617914700000,180.11000000,180.52000000,180.11000000,180.37000000,72.86297000,1617914759999,13141.58854030,40,64.74550000,11677.18549060,0
1617914760000,180.49000000,180.66000000,180.46000000,180.46000000,40.17918000,1617914819999,7254.23626820,27,13.77192000,2486.86349080,0
1617914820000,180.46000000,180.46000000,180.24000000,180.24000000,51.81425000,1617914879999,9344.88719050,17,42.54966000,7674.46233210,0
1617914880000,180.25000000,180.95000000,180.25000000,180.87000000,216.68232000,1617914939999,39125.26298270,92,162.58276000,29360.44682790,0
1617914940000,180.81000000,181.55000000,180.71000000,181.54000000,1558.61076000,1617914999999,282402.25206060,198,990.09302000,179388.12549830,0
1617915000000,181.52000000,181.72000000,181.40000000,181.40000000,237.19839000,1617915059999,43060.53644200,91,49.20042000,8933.89326640,0
1617915060000,181.53000000,181.66000000,181.05000000,181.18000000,142.93789000,1617915119999,25919.77292770,76,20.47366000,3716.74156310,0
1617915120000,181.13000000,181.13000000,180.90000000,180.97000000,36.32389000,1617915179999,6572.52715480,29,24.10116000,4360.61887850,0
1617915180000,180.96000000,180.96000000,180.42000000,180.57000000,257.64253000,1617915239999,46537.69182270,76,95.55575000,17253.02450970,0
1617915240000,180.64000000,180.99000000,180.64000000,180.96000000,135.77478000,1617915299999,24555.33970140,68,125.26308000,22654.10095750,0
1617915300000,180.94000000,180.97000000,180.79000000,180.89000000,38.84838000,1617915359999,7026.20318950,17,15.57924000,2817.74557660,0
1617915360000,180.92000000,181.43000000,180.92000000,181.41000000,97.75671000,1617915419999,17707.85518630,58,84.49596000,15305.95836130,0
1617915420000,181.31000000,181.43000000,181.31000000,181.37000000,142.31092000,1617915479999,25817.35529140,25,97.76412000,17736.03089480,0
1617915480000,181.32000000,181.37000000,181.22000000,181.23000000,47.93826000,1617915539999,8689.82005550,21,12.81592000,2323.29912010,0
1617915540000,181.24000000,181.36000000,181.23000000,181.32000000,23.01281000,1617915599999,4172.00808830,15,19.39794000,3516.50830310,0
1617915600000,181.27000000,181.32000000,181.22000000,181.22000000,5.22228000,1617915659999,946.56744870,12,2.11113000,382.72202820,0
1617915660000,181.19000000,181.19000000,181.09000000,181.09000000,3.81607000,1617915719999,691.21997570,11,0.45375000,82.21318080,0
1617915720000,181.11000000,181.11000000,180.73000000,180.77000000,94.30041000,1617915779999,17069.57493000,70,1.72653000,312.15155290,0
1617915780000,180.79000000,180.79000000,180.52000000,180.57000000,99.29412000,1617915839999,17934.50034020,47,48.49327000,8760.78208930,0
1617915840000,180.62000000,180.84000000,180.62000000,180.71000000,50.13686000,1617915899999,9061.83566670,29,29.84935000,5394.28523540,0
1617915900000,180.62000000,180.64000000,180.25000000,180.36000000,197.57009000,1617915959999,35653.99473090,69,23.43554000,4226.68147080,0
1617915960000,180.36000000,180.36000000,180.00000000,180.22000000,98.14729000,1617916019999,17681.51410420,61,42.69604000,7691.49776340,0
1617916020000,180.23000000,180.33000000,180.14000000,180.21000000,36.19775000,1617916079999,6522.65439980,17,3.41428000,615.18777190,0
1617916080000,180.12000000,180.12000000,180.00000000,180.06000000,38.49753000,1617916139999,6930.55622080,22,29.84776000,5373.15582980,0
1617916140000,180.07000000,180.21000000,180.07000000,180.11000000,105.63742000,1617916199999,19026.65036800,19,96.61583000,17401.67036130,0
1617916200000,180.12000000,180.30000000,180.12000000,180.30000000,13.87037000,1617916259999,2500.19238020,16,12.71963000,2292.83856310,0
1617916260000,180.31000000,180.44000000,180.26000000,180.26000000,35.37659000,1617916319999,6378.81251560,22,27.36936000,4934.54054240,0
1617916320000,180.40000000,180.43000000,180.32000000,180.33000000,11.82785000,1617916379999,2133.39623110,15,5.39219000,972.78617510,0
1617916380000,180.22000000,180.62000000,180.18000000,180.61000000,31.86014000,1617916439999,5749.79981690,28,29.60839000,5344.06013390,0
1617916440000,180.63000000,180.86000000,180.63000000,180.86000000,27.61446000,1617916499999,4990.79137180,29,27.61446000,4990.79137180,0
1617916500000,180.87000000,180.98000000,180.87000000,180.98000000,13.60239000,1617916559999,2460.79488070,23,4.10880000,743.28061940,0
1617916560000,180.92000000,181.02000000,180.92000000,181.00000000,28.65354000,1617916619999,5185.16842280,24,10.30604000,1865.33939120,0
1617916620000,180.99000000,181.14000000,180.97000000,181.13000000,157.06572000,1617916679999,28434.56238760,29,142.86956000,25865.38593220,0
1617916680000,181.13000000,181.42000000,181.12000000,181.36000000,40.80536000,1617916739999,7396.49914980,49,37.97239000,6882.90683320,0
1617916740000,181.37000000,181.37000000,181.14000000,181.18000000,84.11186000,1617916799999,15241.79445310,27,26.46209000,4796.51257180,0
1617916800000,181.18000000,181.28000000,181.15000000,181.17000000,43.82356000,1617916859999,7940.23472270,20,11.39073000,2064.21363110,0
1617916860000,181.17000000,181.29000000,181.17000000,181.29000000,77.68055000,1617916919999,14074.82207590,17,75.78087000,13730.54375590,0
1617916920000,181.24000000,181.29000000,181.21000000,181.22000000,19.72246000,1617916979999,3574.50405170,15,3.39234000,614.88639310,0
1617916980000,181.21000000,181.28000000,181.21000000,181.27000000,1.84348000,1617917039999,334.09440110,6,0.47941000,86.90651240,0
1617917040000,181.26000000,181.26000000,181.10000000,181.10000000,10.08026000,1617917099999,1826.01861750,9,0.00000000,0.00000000,0
1617917100000,181.11000000,181.16000000,180.94000000,180.94000000,38.27679000,1617917159999,6932.66617580,26,34.53584000,6255.35664050,0
1617917160000,180.92000000,181.01000000,180.86000000,180.89000000,22.75288000,1617917219999,4116.97648830,24,14.75881000,2670.90851300,0
1617917220000,181.03000000,181.08000000,181.03000000,181.08000000,5.66299000,1617917279999,1025.17803220,4,5.66299000,1025.17803220,0
1617917280000,181.07000000,181.07000000,180.85000000,180.85000000,33.33861000,1617917339999,6031.65582570,15,21.23917000,3842.82399550,0
1617917340000,180.86000000,180.89000000,180.74000000,180.74000000,28.21970000,1617917399999,5103.11429550,30,13.50679000,2443.11381130,0
1617917400000,180.81000000,180.96000000,180.81000000,180.96000000,11.19294000,1617917459999,2024.75557860,17,11.19294000,2024.75557860,0
1617917460000,181.00000000,181.11000000,180.91000000,180.91000000,275.75024000,1617917519999,49919.75213840,62,123.36417000,22333.90769370,0
1617917520000,180.92000000,180.92000000,180.91000000,180.92000000,11.95447000,1617917579999,2162.78070430,7,0.85993000,155.56993630,0
1617917580000,180.96000000,181.00000000,180.96000000,181.00000000,275.13535000,1617917639999,49799.44766050,17,275.13535000,49799.44766050,0
1617917640000,180.99000000,181.32000000,180.99000000,181.32000000,427.66062000,1617917699999,77484.54714680,97,416.82105000,75520.70606450,0
1617917700000,181.32000000,181.49000000,181.32000000,181.46000000,13.15831000,1617917759999,2386.88434540,30,11.45335000,2077.63034780,0
1617917760000,181.46000000,181.48000000,181.32000000,181.38000000,60.29500000,1617917819999,10940.33363470,15,16.39136000,2974.69044820,0
1617917820000,181.50000000,181.66000000,181.50000000,181.66000000,22.79630000,1617917879999,4138.90654220,32,21.86658000,3970.05182670,0
1617917880000,181.67000000,181.70000000,181.31000000,181.41000000,104.58903000,1617917939999,18982.32884620,45,8.51079000,1545.54198530,0
1617917940000,181.38000000,181.40000000,181.38000000,181.40000000,1.17155000,1617917999999,212.49739180,3,1.08264000,196.37089600,0
1617918000000,181.39000000,181.52000000,181.39000000,181.48000000,14.01096000,1617918059999,2542.05657860,31,11.92774000,2164.03167480,0
1617918060000,181.47000000,181.62000000,181.47000000,181.62000000,7.45236000,1617918119999,1352.90706410,18,5.18974000,942.27242590,0
1617918120000,181.64000000,181.70000000,181.63000000,181.69000000,37.67710000,1617918179999,6843.98449950,32,14.21073000,2581.43454900,0
1617918180000,181.69000000,182.30000000,181.69000000,182.06000000,226.64673000,1617918239999,41249.20570320,174,189.83579000,34545.67921970,0
1617918240000,182.01000000,182.06000000,181.90000000,182.01000000,6.28762000,1617918299999,1144.11986390,23,3.63510000,661.48301800,0
1617918300000,182.00000000,182.32000000,181.94000000,182.32000000,68.97326000,1617918359999,12559.38064480,33,38.21569000,6962.37686310,0
1617918360000,182.32000000,182.50000000,182.18000000,182.18000000,37.10955000,1617918419999,6765.83963490,55,27.47393000,5009.59862840,0
1617918420000,182.31000000,182.43000000,182.31000000,182.32000000,3.68112000,1617918479999,671.22818830,12,2.60028000,474.14837110,0
1617918480000,182.32000000,182.60000000,182.32000000,182.60000000,18.41654000,1617918539999,3360.04454380,29,11.31154000,2063.87331240,0
1617918540000,182.44000000,182.63000000,182.39000000,182.62000000,17.75508000,1617918599999,3241.01294310,25,7.51241000,1371.31683580,0
1617918600000,182.62000000,182.72000000,182.60000000,182.68000000,59.27928000,1617918659999,10828.91068700,48,24.14616000,4410.92733530,0
1617918660000,182.71000000,182.81000000,182.69000000,182.70000000,21.64754000,1617918719999,3956.32811020,28,17.54739000,3207.24070520,0
1617918720000,182.81000000,182.82000000,182.65000000,182.82000000,12.67028000,1617918779999,2316.03804810,15,9.75974000,1784.10543240,0
1617918780000,182.76000000,182.76000000,182.60000000,182.70000000,24.08786000,1617918839999,4400.73760500,22,3.06803000,560.50439420,0
1617918840000,182.68000000,182.74000000,182.68000000,182.74000000,13.58849000,1617918899999,2482.91462710,6,0.07116000,12.99950880,0
1617918900000,182.80000000,182.86000000,182.72000000,182.73000000,36.29339000,1617918959999,6635.14048840,30,11.00427000,2011.91360850,0
1617918960000,182.79000000,183.01000000,182.78000000,183.01000000,108.67615000,1617919019999,19878.92088470,74,80.03145000,14639.69158710,0
1617919020000,182.94000000,182.94000000,182.69000000,182.80000000,115.02196000,1617919079999,21025.17398790,57,2.25799000,412.86891140,0
1617919080000,182.79000000,183.00000000,182.73000000,182.99000000,218.60771000,1617919139999,39990.33186520,28,218.33363000,39940.24922680,0
1617919140000,182.92000000,182.98000000,182.82000000,182.83000000,170.23688000,1617919199999,31145.51537680,23,167.25738000,30600.75421730,0
1617919200000,182.82000000,182.82000000,182.44000000,182.45000000,84.14027000,1617919259999,15366.66078950,47,0.70125000,128.18148750,0
1617919260000,182.53000000,182.59000000,182.47000000,182.47000000,67.01136000,1617919319999,12232.66771970,29,11.35970000,2073.93390010,0
1617919320000,182.46000000,182.46000000,182.45000000,182.45000000,12.45011000,1617919379999,2271.55585140,8,0.00000000,0.00000000,0
1617919380000,182.53000000,182.90000000,182.53000000,182.67000000,53.57761000,1617919439999,9793.80258690,35,21.01402000,3840.59331360,0
1617919440000,182.61000000,182.78000000,182.54000000,182.73000000,17.86998000,1617919499999,3265.12981120,18,12.49586000,2283.65747320,0
1617919500000,182.72000000,182.99000000,182.70000000,182.85000000,46.79837000,1617919559999,8557.04311830,38,16.58890000,3033.40609830,0
1617919560000,182.86000000,182.86000000,182.68000000,182.71000000,15.35584000,1617919619999,2806.63583540,12,0.20000000,36.55000000,0
1617919620000,182.68000000,182.82000000,182.68000000,182.82000000,5.24711000,1617919679999,958.66502880,3,0.16410000,30.00076200,0
1617919680000,182.81000000,182.93000000,182.54000000,182.54000000,57.59196000,1617919739999,10530.08193400,28,48.51271000,8871.15426620,0
1617919740000,182.52000000,182.66000000,182.47000000,182.66000000,3.00376000,1617919799999,548.23245790,12,0.41429000,75.66693850,0
1617919800000,182.55000000,182.65000000,182.55000000,182.65000000,6.09134000,1617919859999,1112.20930060,5,3.35444000,612.58820560,0
1617919860000,182.66000000,182.68000000,182.54000000,182.60000000,67.17381000,1617919919999,12267.50531890,22,6.27854000,1146.54284940,0
1617919920000,182.53000000,182.64000000,182.51000000,182.64000000,31.43062000,1617919979999,5736.69239060,12,30.96608000,5651.90050110,0
1617919980000,182.52000000,182.52000000,182.50000000,182.50000000,15.65279000,1617920039999,2856.79455080,3,0.13400000,24.45500000,0
1617920040000,182.46000000,182.58000000,182.45000000,182.58000000,1.68287000,1617920099999,307.07095470,5,0.00000000,0.00000000,0
1617920100000,182.59000000,182.65000000,182.53000000,182.63000000,43.78613000,1617920159999,7995.47561280,17,21.62187000,3948.52670490,0
1617920160000,182.63000000,182.71000000,182.63000000,182.71000000,12.73517000,1617920219999,2326.49267260,17,12.59673000,2301.20856350,0
1617920220000,182.64000000,182.82000000,182.64000000,182.82000000,13.65232000,1617920279999,2494.68533100,17,11.73542000,2144.44556500,0
1617920280000,182.82000000,182.84000000,182.77000000,182.77000000,32.80470000,1617920339999,5997.88534000,17,10.00242000,1828.75374150,0
1617920340000,182.85000000,182.98000000,182.71000000,182.83000000,58.62736000,1617920399999,10719.00879720,31,20.12238000,3680.11997270,0
1617920400000,182.89000000,183.04000000,182.72000000,183.02000000,12.93365000,1617920459999,2365.49712650,13,11.87951000,2172.84177220,0
1617920460000,183.04000000,183.20000000,183.04000000,183.19000000,70.95216000,1617920519999,12996.92831580,48,60.07046000,11003.92018020,0
1617920520000,183.19000000,183.20000000,183.06000000,183.17000000,49.25662000,1617920579999,9023.08566570,20,21.20910000,3885.45211560,0
1617920580000,183.06000000,183.11000000,183.04000000,183.06000000,14.15359000,1617920639999,2590.98158630,10,2.21835000,406.19213850,0
1617920640000,183.11000000,183.14000000,183.06000000,183.06000000,14.41334000,1617920699999,2638.93038590,13,3.75243000,687.17310770,0
1617920700000,183.11000000,183.11000000,183.09000000,183.09000000,0.65139000,1617920759999,119.27329250,2,0.65139000,119.27329250,0
1617920760000,183.18000000,183.18000000,183.06000000,183.07000000,13.38692000,1617920819999,2451.07031520,9,0.54597000,99.99986380,0
1617920820000,183.12000000,183.20000000,183.05000000,183.12000000,36.67513000,1617920879999,6716.81261660,15,24.51974000,4491.42444110,0
1617920880000,183.12000000,183.18000000,183.04000000,183.11000000,19.99430000,1617920939999,3660.91078260,19,6.27141000,1148.56437390,0
1617920940000,183.12000000,183.18000000,183.04000000,183.05000000,60.00546000,1617920999999,10986.49600150,24,4.77238000,874.05843390,0
1617921000000,183.05000000,183.24000000,183.05000000,183.17000000,80.24199000,1617921059999,14699.97486640,39,47.01328000,8613.07368590,0
1617921060000,183.23000000,183.23000000,183.04000000,183.09000000,166.00546000,1617921119999,30396.27934550,36,51.10063000,9356.56478060,0
1617921120000,183.09000000,183.09000000,182.78000000,182.88000000,134.31171000,1617921179999,24575.56928820,46,4.56115000,834.32154080,0
1617921180000,182.84000000,183.16000000,182.79000000,183.16000000,60.15134000,1617921239999,11009.05549990,25,53.61164000,9813.53021100,0
1617921240000,183.13000000,183.18000000,182.97000000,183.03000000,86.18203000,1617921299999,15781.30403390,31,35.33537000,6469.54762790,0
1617921300000,182.98000000,183.13000000,182.93000000,183.13000000,149.65368000,1617921359999,27393.01622040,18,147.65368000,27027.15622040,0
1617921360000,183.00000000,183.02000000,183.00000000,183.02000000,8.71009000,1617921419999,1594.00279920,7,5.41848000,991.63816920,0
1617921420000,183.00000000,183.00000000,182.73000000,182.81000000,113.12157000,1617921479999,20684.48073980,55,41.08926000,7511.10773890,0
1617921480000,182.82000000,182.85000000,182.74000000,182.79000000,20.13438000,1617921539999,3680.57721140,15,11.02023000,2014.86868340,0
1617921540000,182.88000000,183.05000000,182.88000000,183.01000000,37.72514000,1617921599999,6900.85524480,11,37.66505000,6889.85577030,0
1617921600000,183.02000000,183.17000000,182.96000000,183.12000000,29.90383000,1617921659999,5476.21465600,27,15.80824000,2894.55544580,0
1617921660000,183.06000000,183.25000000,183.06000000,183.23000000,27.94069000,1617921719999,5118.94502880,24,21.87414000,4007.83238580,0
1617921720000,183.16000000,183.16000000,182.85000000,183.07000000,75.27359000,1617921779999,13771.24854030,36,31.05221000,5681.19077180,0
1617921780000,183.10000000,183.18000000,183.02000000,183.04000000,16.13419000,1617921839999,2954.00877900,14,9.42158000,1725.33457870,0
1617921840000,183.15000000,183.17000000,183.05000000,183.05000000,6.25366000,1617921899999,1145.08543820,10,1.54478000,282.86062820,0
1617921900000,183.14000000,183.17000000,183.04000000,183.11000000,55.18314000,1617921959999,10104.50446370,22,43.98396000,8054.55143550,0
1617921960000,183.11000000,183.14000000,182.95000000,183.10000000,97.42171000,1617922019999,17831.14037240,22,46.13939000,8446.75928410,0
1617922020000,183.10000000,183.24000000,183.06000000,183.11000000,73.62166000,1617922079999,13484.34537610,31,54.99447000,10073.90958220,0
1617922080000,183.16000000,183.22000000,183.00000000,183.11000000,95.86945000,1617922139999,17553.39955830,43,20.97797000,3842.19909080,0
1617922140000,183.07000000,183.31000000,183.00000000,183.13000000,89.89809000,1617922199999,16469.77859800,39,45.17313000,8279.18175440,0
1617922200000,183.14000000,183.21000000,183.00000000,183.10000000,37.50576000,1617922259999,6867.64315140,31,13.36873000,2448.49949910,0
1617922260000,183.11000000,183.21000000,183.11000000,183.18000000,15.10812000,1617922319999,2767.47325050,14,12.17263000,2229.77954720,0
1617922320000,183.21000000,183.26000000,183.13000000,183.25000000,20.57311000,1617922379999,3768.62496090,16,16.70740000,3060.46554600,0
1617922380000,183.26000000,183.60000000,183.26000000,183.32000000,220.91016000,1617922439999,40522.27867590,97,156.43805000,28704.75948540,0
1617922440000,183.40000000,183.60000000,183.40000000,183.54000000,39.79216000,1617922499999,7302.72135870,23,30.04590000,5514.27806410,0
1617922500000,183.56000000,183.77000000,183.51000000,183.77000000,59.62804000,1617922559999,10950.67971800,57,29.11343000,5347.86360960,0
1617922560000,183.76000000,183.77000000,183.60000000,183.60000000,42.02414000,1617922619999,7721.07973490,21,34.88764000,6409.90494230,0
1617922620000,183.60000000,183.76000000,183.60000000,183.76000000,5.64366000,1617922679999,1036.59703100,9,5.06410000,930.16837500,0
1617922680000,183.78000000,184.00000000,183.78000000,183.99000000,36.47371000,1617922739999,6708.97900500,88,27.68130000,5092.01279260,0
1617922740000,184.00000000,184.20000000,184.00000000,184.19000000,74.89700000,1617922799999,13787.61574730,104,47.65731000,8770.78957780,0
1617922800000,184.19000000,184.24000000,183.80000000,183.81000000,89.97977000,1617922859999,16553.06524650,111,41.69149000,7670.56860750,0
1617922860000,183.86000000,184.14000000,183.86000000,183.93000000,138.97854000,1617922919999,25580.62129370,62,26.34933000,4848.64170340,0
1617922920000,183.96000000,184.05000000,183.65000000,183.90000000,149.97289000,1617922979999,27571.16791130,86,31.65789000,5821.60196840,0
1617922980000,183.84000000,184.17000000,183.76000000,184.11000000,82.25858000,1617923039999,15134.33492640,43,54.21017000,9979.35616850,0
1617923040000,184.15000000,184.18000000,183.81000000,183.81000000,77.63602000,1617923099999,14278.54154950,45,52.80428000,9711.73996290,0
1617923100000,183.91000000,184.06000000,183.89000000,184.01000000,150.14259000,1617923159999,27624.95399270,37,111.92746000,20592.56989610,0
1617923160000,184.01000000,184.12000000,184.01000000,184.11000000,82.21052000,1617923219999,15134.61311570,20,82.15085000,15123.62846540,0
1617923220000,184.11000000,184.24000000,183.93000000,184.11000000,327.83801000,1617923279999,60369.79802700,82,79.22377000,14587.13236390,0
1617923280000,184.11000000,184.22000000,183.92000000,184.17000000,72.16202000,1617923339999,13282.19107080,41,20.21276000,3721.81396850,0
1617923340000,184.14000000,184.28000000,184.10000000,184.17000000,26.53279000,1617923399999,4887.77817740,22,26.05005000,4798.86194020,0
1617923400000,184.15000000,184.18000000,183.99000000,184.15000000,83.33666000,1617923459999,15336.99701260,36,70.46130000,12967.25249870,0
1617923460000,184.09000000,184.13000000,183.99000000,183.99000000,61.22569000,1617923519999,11271.23191620,12,9.85737000,1814.85675170,0
1617923520000,184.03000000,184.09000000,183.95000000,184.07000000,53.06811000,1617923579999,9765.87966700,28,29.26172000,5385.22333040,0
1617923580000,184.06000000,184.08000000,183.86000000,183.86000000,127.65418000,1617923639999,23488.89405960,42,4.28588000,788.70300670,0
1617923640000,183.85000000,184.18000000,183.82000000,184.13000000,44.32750000,1617923699999,8156.10896410,38,32.62020000,6002.52053410,0
1617923700000,184.14000000,184.22000000,183.88000000,184.02000000,129.11219000,1617923759999,23760.50969730,46,10.34627000,1904.60208880,0
1617923760000,184.02000000,184.06000000,183.88000000,183.88000000,66.85313000,1617923819999,12299.83858850,40,26.22384000,4825.16468110,0
1617923820000,183.95000000,184.05000000,183.84000000,183.97000000,94.80345000,1617923879999,17437.28842890,28,19.35686000,3559.86535150,0
1617923880000,183.98000000,183.99000000,183.89000000,183.89000000,64.91003000,1617923939999,11940.61693370,20,21.79547000,4009.02906820,0
1617923940000,183.90000000,183.91000000,183.80000000,183.86000000,33.13675000,1617923999999,6093.06116360,29,19.85700000,3651.54014610,0
1617924000000,183.83000000,183.93000000,183.74000000,183.87000000,278.40724000,1617924059999,51163.59578670,44,207.90202000,38203.64744610,0
1617924060000,183.93000000,184.03000000,183.93000000,184.03000000,11.81411000,1617924119999,2173.85596410,12,10.29034000,1893.45382190,0
1617924120000,184.04000000,184.04000000,183.82000000,183.98000000,148.60845000,1617924179999,27333.49351280,47,110.29588000,20287.14744800,0
1617924180000,184.03000000,184.24000000,183.93000000,184.13000000,95.70926000,1617924239999,17609.41814380,39,22.84641000,4206.50311450,0
1617924240000,184.18000000,184.19000000,184.06000000,184.19000000,11.47227000,1617924299999,2112.78521250,11,7.33075000,1350.12865340,0
1617924300000,184.22000000,184.23000000,184.06000000,184.12000000,17.28036000,1617924359999,3182.11300780,16,5.56743000,1025.52231900,0
1617924360000,184.16000000,184.46000000,184.13000000,184.37000000,272.72225000,1617924419999,50257.99348370,117,231.07606000,42582.22691550,0
1617924420000,184.37000000,184.43000000,184.30000000,184.34000000,79.06558000,1617924479999,14575.90881420,30,59.56004000,10980.26426950,0
1617924480000,184.33000000,184.43000000,184.20000000,184.26000000,94.63972000,1617924539999,17444.23746840,39,60.29436000,11114.69734570,0
1617924540000,184.36000000,184.58000000,184.34000000,184.58000000,107.79325000,1617924599999,19881.34269230,44,97.82793000,18042.53678970,0
1617924600000,184.58000000,184.59000000,184.38000000,184.38000000,33.61373000,1617924659999,6201.31189460,24,23.31318000,4300.98033740,0
1617924660000,184.39000000,184.60000000,184.39000000,184.59000000,103.96418000,1617924719999,19186.38153310,53,34.72813000,6408.36077610,0
1617924720000,184.59000000,184.76000000,184.54000000,184.72000000,434.59349000,1617924779999,80263.81235500,125,226.60522000,41851.60310600,0
1617924780000,184.73000000,184.89000000,184.62000000,184.84000000,175.88642000,1617924839999,32503.84553140,81,132.32299000,24455.77312850,0
1617924840000,184.87000000,185.13000000,184.83000000,185.12000000,181.83712000,1617924899999,33646.74338800,137,115.00910000,21276.49008770,0
1617924900000,185.10000000,185.50000000,184.76000000,185.48000000,311.10294000,1617924959999,57597.70416830,248,200.53065000,37137.32929180,0
1617924960000,185.48000000,185.73000000,185.48000000,185.71000000,242.76853000,1617925019999,45060.08150310,177,108.72051000,20180.51286260,0
1617925020000,185.68000000,185.68000000,185.33000000,185.37000000,102.46117000,1617925079999,19006.33041930,71,25.51242000,4732.25479510,0
1617925080000,185.38000000,185.54000000,185.38000000,185.54000000,27.42026000,1617925139999,5086.34391380,18,22.99392000,4265.52088880,0
1617925140000,185.60000000,185.75000000,185.52000000,185.75000000,50.87174000,1617925199999,9441.51145280,36,44.93447000,8339.45036030,0
1617925200000,185.68000000,185.76000000,185.63000000,185.73000000,42.33897000,1617925259999,7862.97405370,44,3.81586000,708.69152870,0
1617925260000,185.69000000,185.70000000,185.48000000,185.63000000,211.07318000,1617925319999,39176.80049560,48,28.02368000,5201.92900570,0
1617925320000,185.61000000,185.76000000,185.54000000,185.64000000,361.76823000,1617925379999,67154.74436330,71,87.42808000,16230.63099320,0
1617925380000,185.64000000,185.65000000,185.40000000,185.61000000,245.62410000,1617925439999,45586.52001120,84,22.28658000,4136.32818400,0
1617925440000,185.61000000,185.69000000,185.51000000,185.68000000,31.03523000,1617925499999,5759.67432480,27,16.14653000,2997.37104670,0
1617925500000,185.63000000,185.79000000,185.02000000,185.03000000,395.61171000,1617925559999,73367.57099240,257,83.56598000,15516.81299120,0
1617925560000,185.14000000,185.32000000,185.01000000,185.24000000,244.81223000,1617925619999,45336.89200890,125,185.19983000,34303.21208790,0
1617925620000,185.27000000,185.29000000,184.97000000,184.97000000,88.02880000,1617925679999,16293.42324170,85,24.89014000,4608.55974390,0
1617925680000,184.97000000,184.97000000,184.58000000,184.59000000,110.32971000,1617925739999,20384.33813870,157,27.08604000,5002.18866980,0
1617925740000,184.64000000,185.00000000,184.64000000,184.75000000,170.30288000,1617925799999,31460.77326010,74,159.03271000,29377.72112800,0
1617925800000,184.83000000,184.90000000,184.70000000,184.76000000,65.02841000,1617925859999,12015.83525920,21,60.90793000,11254.70315000,0
1617925860000,184.86000000,184.98000000,184.60000000,184.60000000,80.37462000,1617925919999,14857.78936350,42,42.58316000,7875.30177470,0
1617925920000,184.65000000,184.83000000,184.56000000,184.72000000,293.65775000,1617925979999,54252.60367340,62,192.90583000,35640.21957830,0
1617925980000,184.80000000,184.83000000,184.64000000,184.71000000,91.72272000,1617926039999,16943.28878600,23,53.94849000,9964.76558790,0
1617926040000,184.71000000,184.77000000,184.62000000,184.76000000,107.45066000,1617926099999,19845.96250090,43,38.12077000,7041.25243410,0
1617926100000,184.66000000,184.74000000,184.62000000,184.67000000,14.42855000,1617926159999,2664.78986540,14,5.81208000,1073.55199760,0
1617926160000,184.69000000,184.73000000,184.61000000,184.68000000,12.35851000,1617926219999,2282.03529760,8,11.67607000,2155.99978850,0
1617926220000,184.68000000,184.75000000,184.68000000,184.69000000,11.77216000,1617926279999,2174.42470600,15,5.95162000,1099.42343860,0
1617926280000,184.75000000,184.84000000,184.63000000,184.75000000,200.92390000,1617926339999,37117.54247980,72,32.95450000,6089.31017400,0
1617926340000,184.70000000,184.79000000,184.61000000,184.74000000,128.79316000,1617926399999,23786.91981950,39,18.18563000,3359.41363060,0
