1653264000000,0.42170000,0.42180000,0.42010000,0.42080000,1080255.00000000,1653264179999,454444.30360000,648,376074.00000000,158222.70580000,0
1653264180000,0.42090000,0.42150000,0.42070000,0.42110000,594578.00000000,1653264359999,250413.56600000,356,232894.00000000,98070.72590000,0
1653264360000,0.42110000,0.42290000,0.42070000,0.42250000,401754.00000000,1653264539999,169372.24820000,278,246649.00000000,104001.03420000,0
1653264540000,0.42260000,0.42270000,0.42170000,0.42210000,513478.00000000,1653264719999,216730.62670000,307,208115.00000000,87844.56770000,0
1653264720000,0.42200000,0.42340000,0.42200000,0.42330000,635305.00000000,1653264899999,268504.48960000,293,457055.00000000,193140.95150000,0
1653264900000,0.42330000,0.42350000,0.42290000,0.42350000,309810.00000000,1653265079999,131091.22430000,211,104350.00000000,44157.34840000,0
1653265080000,0.42360000,0.42470000,0.42330000,0.42370000,665430.00000000,1653265259999,282045.64310000,394,369845.00000000,156724.43930000,0
1653265260000,0.42370000,0.42380000,0.42260000,0.42260000,284464.00000000,1653265439999,120372.58070000,219,143341.00000000,60663.82100000,0
1653265440000,0.42250000,0.42280000,0.42190000,0.42210000,544421.00000000,1653265619999,229883.96210000,364,319083.00000000,134732.64460000,0
1653265620000,0.42210000,0.42220000,0.42120000,0.42140000,430718.00000000,1653265799999,181678.06160000,306,158218.00000000,66725.06730000,0
1653265800000,0.42140000,0.42180000,0.42130000,0.42150000,268888.00000000,1653265979999,113373.74660000,174,132605.00000000,55907.63170000,0
1653265980000,0.42140000,0.42210000,0.42130000,0.42210000,169009.00000000,1653266159999,71264.61890000,139,70371.00000000,29675.73570000,0
1653266160000,0.42200000,0.42240000,0.42150000,0.42200000,351978.00000000,1653266339999,148510.78420000,248,186077.00000000,78515.16420000,0
1653266340000,0.42190000,0.42240000,0.42190000,0.42240000,276152.00000000,1653266519999,116588.46220000,188,193607.00000000,81736.68830000,0
1653266520000,0.42230000,0.42320000,0.42230000,0.42260000,269045.00000000,1653266699999,113744.92090000,228,163986.00000000,69323.68260000,0
1653266700000,0.42250000,0.42330000,0.42220000,0.42330000,390345.00000000,1653266879999,165014.94900000,277,264509.00000000,111819.10280000,0
1653266880000,0.42330000,0.42360000,0.42310000,0.42330000,282204.00000000,1653267059999,119472.47690000,165,85966.00000000,36397.53560000,0
1653267060000,0.42330000,0.42390000,0.42320000,0.42390000,191623.00000000,1653267239999,81138.24310000,136,133028.00000000,56335.02970000,0
1653267240000,0.42390000,0.42450000,0.42390000,0.42440000,419738.00000000,1653267419999,178081.63260000,257,243733.00000000,103417.23020000,0
1653267420000,0.42440000,0.42480000,0.42430000,0.42460000,592757.00000000,1653267599999,251632.35560000,307,252168.00000000,107062.20970000,0
1653267600000,0.42470000,0.42470000,0.42390000,0.42460000,883202.00000000,1653267779999,374689.60130000,346,633926.00000000,268906.88890000,0
1653267780000,0.42470000,0.42480000,0.42380000,0.42400000,416469.00000000,1653267959999,176717.00480000,263,218068.00000000,92524.37680000,0
1653267960000,0.42400000,0.42410000,0.42290000,0.42360000,387544.00000000,1653268139999,164096.85130000,323,184286.00000000,78031.75560000,0
1653268140000,0.42360000,0.42400000,0.42330000,0.42370000,316791.00000000,1653268319999,134224.58570000,216,106110.00000000,44951.93260000,0
1653268320000,0.42360000,0.42380000,0.42330000,0.42360000,199712.00000000,1653268499999,84591.29650000,160,60000.00000000,25415.03750000,0
1653268500000,0.42360000,0.42440000,0.42300000,0.42410000,500080.00000000,1653268679999,211867.64260000,306,339931.00000000,143993.28620000,0
1653268680000,0.42410000,0.42410000,0.42330000,0.42370000,484003.00000000,1653268859999,205076.02810000,252,150351.00000000,63688.17380000,0
1653268860000,0.42370000,0.42400000,0.42350000,0.42390000,338221.00000000,1653269039999,143293.95050000,200,173890.00000000,73675.53570000,0
1653269040000,0.42390000,0.42440000,0.42390000,0.42390000,240769.00000000,1653269219999,102132.02560000,167,138701.00000000,58841.20640000,0
1653269220000,0.42390000,0.42470000,0.42390000,0.42420000,345758.00000000,1653269399999,146722.36170000,177,136965.00000000,58124.37880000,0
1653269400000,0.42420000,0.42460000,0.42380000,0.42440000,852197.00000000,1653269579999,361630.33020000,337,708514.00000000,300676.41320000,0
1653269580000,0.42450000,0.42460000,0.42410000,0.42430000,247915.00000000,1653269759999,105188.37430000,179,77841.00000000,33030.64690000,0
1653269760000,0.42430000,0.42440000,0.42380000,0.42380000,237761.00000000,1653269939999,100863.17700000,173,61444.00000000,26065.09530000,0
1653269940000,0.42390000,0.42410000,0.42300000,0.42320000,137317.00000000,1653270119999,58171.95110000,186,63182.00000000,26766.98370000,0
1653270120000,0.42310000,0.42330000,0.42210000,0.42210000,1237419.00000000,1653270299999,523131.94090000,478,358334.00000000,151453.46520000,0
1653270300000,0.42210000,0.42250000,0.42150000,0.42150000,1325917.00000000,1653270479999,559496.73110000,569,494331.00000000,208662.16500000,0
1653270480000,0.42150000,0.42190000,0.42100000,0.42120000,2344413.00000000,1653270659999,987982.69670000,1102,874622.00000000,368644.78050000,0
1653270660000,0.42130000,0.42170000,0.42120000,0.42170000,432142.00000000,1653270839999,182123.62750000,306,192848.00000000,81276.73010000,0
1653270840000,0.42160000,0.42210000,0.42160000,0.42190000,179562.00000000,1653271019999,75760.77610000,158,68132.00000000,28744.23810000,0
1653271020000,0.42180000,0.42180000,0.42140000,0.42180000,347583.00000000,1653271199999,146562.90710000,166,222609.00000000,93864.82900000,0
1653271200000,0.42180000,0.42180000,0.42040000,0.42040000,435618.00000000,1653271379999,183449.53680000,222,70035.00000000,29506.66780000,0
1653271380000,0.42040000,0.42090000,0.41960000,0.41970000,542339.00000000,1653271559999,227941.04260000,370,272938.00000000,114707.90420000,0
1653271560000,0.41970000,0.42000000,0.41860000,0.41890000,702503.00000000,1653271739999,294473.98190000,452,231097.00000000,96842.44790000,0
1653271740000,0.41890000,0.41920000,0.41860000,0.41900000,361112.00000000,1653271919999,151300.31520000,285,239821.00000000,100474.02130000,0
1653271920000,0.41910000,0.41910000,0.41850000,0.41880000,538799.00000000,1653272099999,225674.83790000,415,306983.00000000,128574.19870000,0
1653272100000,0.41870000,0.41950000,0.41780000,0.41860000,537009.00000000,1653272279999,224752.54160000,412,282389.00000000,118213.60840000,0
1653272280000,0.41870000,0.41890000,0.41830000,0.41860000,299422.00000000,1653272459999,125349.94650000,228,161012.00000000,67409.91370000,0
1653272460000,0.41850000,0.41890000,0.41810000,0.41890000,602701.00000000,1653272639999,252218.26580000,356,322721.00000000,135047.49800000,0
1653272640000,0.41890000,0.41930000,0.41870000,0.41880000,365375.00000000,1653272819999,153116.41190000,267,256412.00000000,107459.66740000,0
1653272820000,0.41880000,0.41890000,0.41860000,0.41870000,341156.00000000,1653272999999,142853.25990000,233,177337.00000000,74260.92870000,0
1653273000000,0.41870000,0.41870000,0.41750000,0.41840000,481992.00000000,1653273179999,201481.01710000,427,334827.00000000,139950.44960000,0
1653273180000,0.41840000,0.41890000,0.41770000,0.41830000,919758.00000000,1653273359999,384678.12570000,492,573564.00000000,239854.79930000,0
1653273360000,0.41840000,0.41880000,0.41830000,0.41850000,309889.00000000,1653273539999,129708.39400000,207,182807.00000000,76517.64440000,0
1653273540000,0.41850000,0.41880000,0.41830000,0.41840000,540881.00000000,1653273719999,226384.43110000,225,451121.00000000,188819.82160000,0
1653273720000,0.41840000,0.41840000,0.41800000,0.41840000,208209.00000000,1653273899999,87063.47910000,142,119639.00000000,50026.25700000,0
1653273900000,0.41840000,0.41880000,0.41830000,0.41850000,240135.00000000,1653274079999,100493.16780000,139,80749.00000000,33788.75620000,0
1653274080000,0.41850000,0.41910000,0.41810000,0.41910000,437682.00000000,1653274259999,183209.74310000,255,357118.00000000,149495.52710000,0
1653274260000,0.41900000,0.41910000,0.41850000,0.41900000,312321.00000000,1653274439999,130826.90000000,204,182620.00000000,76493.30250000,0
1653274440000,0.41900000,0.41930000,0.41890000,0.41910000,215318.00000000,1653274619999,90238.16040000,169,116144.00000000,48681.08840000,0
1653274620000,0.41920000,0.41950000,0.41900000,0.41920000,495435.00000000,1653274799999,207689.16890000,364,380373.00000000,159457.77860000,0
1653274800000,0.41920000,0.41960000,0.41910000,0.41920000,360158.00000000,1653274979999,151052.56970000,249,179921.00000000,75451.07370000,0
1653274980000,0.41920000,0.41960000,0.41920000,0.41940000,255572.00000000,1653275159999,107186.04280000,167,121140.00000000,50808.39720000,0
1653275160000,0.41940000,0.42030000,0.41940000,0.42030000,305098.00000000,1653275339999,128102.85440000,207,204394.00000000,85810.06240000,0
1653275340000,0.42030000,0.42050000,0.41980000,0.42010000,228903.00000000,1653275519999,96187.07090000,162,102881.00000000,43225.09630000,0
1653275520000,0.42010000,0.42030000,0.41980000,0.41990000,248480.00000000,1653275699999,104377.06870000,164,159666.00000000,67073.43690000,0
1653275700000,0.42000000,0.42020000,0.41970000,0.41980000,97392.00000000,1653275879999,40898.83990000,90,46505.00000000,19528.68240000,0
1653275880000,0.41970000,0.42000000,0.41950000,0.42000000,286464.00000000,1653276059999,120254.73100000,185,163074.00000000,68460.67650000,0
1653276060000,0.42000000,0.42000000,0.41970000,0.42000000,80244.00000000,1653276239999,33694.90200000,88,45757.00000000,19215.24370000,0
1653276240000,0.42000000,0.42010000,0.41960000,0.41990000,298160.00000000,1653276419999,125176.95850000,193,217140.00000000,91164.21950000,0
1653276420000,0.41990000,0.41990000,0.41950000,0.41970000,326661.00000000,1653276599999,137092.87010000,182,188652.00000000,79180.82290000,0
1653276600000,0.41970000,0.41990000,0.41960000,0.41980000,156893.00000000,1653276779999,65851.93240000,120,61784.00000000,25933.00070000,0
1653276780000,0.41980000,0.42020000,0.41980000,0.42010000,96786.00000000,1653276959999,40657.71590000,99,40991.00000000,17218.23640000,0
1653276960000,0.42010000,0.42020000,0.41940000,0.41980000,343982.00000000,1653277139999,144357.85580000,158,183184.00000000,76866.90360000,0
1653277140000,0.41990000,0.42020000,0.41980000,0.41990000,306007.00000000,1653277319999,128517.40960000,146,227394.00000000,95503.56560000,0
1653277320000,0.41990000,0.42060000,0.41980000,0.42050000,389389.00000000,1653277499999,163597.36420000,216,299844.00000000,125974.35390000,0
1653277500000,0.42040000,0.42040000,0.41950000,0.41960000,336020.00000000,1653277679999,141113.85540000,129,57202.00000000,24013.54530000,0
1653277680000,0.41960000,0.42010000,0.41960000,0.42000000,800404.00000000,1653277859999,336033.11720000,267,585973.00000000,245973.71540000,0
1653277860000,0.42000000,0.42040000,0.41990000,0.42030000,387280.00000000,1653278039999,162721.22860000,161,275372.00000000,115696.74160000,0
1653278040000,0.42030000,0.42030000,0.42000000,0.42010000,230205.00000000,1653278219999,96724.39910000,119,139847.00000000,58758.17740000,0
1653278220000,0.42010000,0.42010000,0.41970000,0.42000000,355643.00000000,1653278399999,149320.59710000,212,209391.00000000,87916.04010000,0
1653278400000,0.41990000,0.42010000,0.41960000,0.41990000,686559.00000000,1653278579999,288273.53550000,320,433379.00000000,181977.39290000,0
1653278580000,0.41990000,0.42040000,0.41990000,0.42040000,258967.00000000,1653278759999,108786.07940000,157,204329.00000000,85832.04530000,0
1653278760000,0.42040000,0.42050000,0.42010000,0.42020000,273816.00000000,1653278939999,115077.60800000,181,103443.00000000,43476.47680000,0
1653278940000,0.42020000,0.42150000,0.42020000,0.42140000,578227.00000000,1653279119999,243394.49990000,319,454877.00000000,191462.30660000,0
1653279120000,0.42140000,0.42140000,0.42070000,0.42070000,387702.00000000,1653279299999,163259.85370000,197,123551.00000000,52034.04960000,0
1653279300000,0.42070000,0.42120000,0.42070000,0.42090000,492085.00000000,1653279479999,207140.04330000,293,252297.00000000,106210.16980000,0
1653279480000,0.42080000,0.42150000,0.42080000,0.42120000,216257.00000000,1653279659999,91083.61840000,208,82947.00000000,34933.92430000,0
1653279660000,0.42110000,0.42130000,0.42080000,0.42110000,445211.00000000,1653279839999,187462.72950000,354,128289.00000000,54017.57810000,0
1653279840000,0.42110000,0.42140000,0.42100000,0.42100000,177193.00000000,1653280019999,74625.13020000,162,61365.00000000,25845.82090000,0
1653280020000,0.42090000,0.42140000,0.42090000,0.42110000,735509.00000000,1653280199999,309770.31720000,251,431323.00000000,181634.54860000,0
1653280200000,0.42110000,0.42180000,0.42100000,0.42160000,466658.00000000,1653280379999,196605.30720000,283,309895.00000000,130531.81640000,0
1653280380000,0.42150000,0.42160000,0.42100000,0.42120000,283027.00000000,1653280559999,119204.15550000,221,85145.00000000,35856.61360000,0
1653280560000,0.42120000,0.42150000,0.42110000,0.42140000,231453.00000000,1653280739999,97505.63650000,239,160801.00000000,67741.83540000,0
1653280740000,0.42140000,0.42140000,0.42080000,0.42090000,484028.00000000,1653280919999,203850.46350000,325,300501.00000000,126576.93750000,0
1653280920000,0.42090000,0.42120000,0.42070000,0.42120000,199343.00000000,1653281099999,83922.11780000,171,146634.00000000,61732.52220000,0
1653281100000,0.42120000,0.42170000,0.42120000,0.42160000,441279.00000000,1653281279999,185978.04050000,251,255775.00000000,107788.60910000,0
1653281280000,0.42150000,0.42160000,0.42090000,0.42120000,579425.00000000,1653281459999,244071.65360000,235,237825.00000000,100131.67720000,0
1653281460000,0.42110000,0.42120000,0.42020000,0.42030000,434404.00000000,1653281639999,182762.42600000,288,228258.00000000,96030.00280000,0
1653281640000,0.42030000,0.42050000,0.42000000,0.42040000,561876.00000000,1653281819999,236124.11790000,316,238368.00000000,100192.49590000,0
1653281820000,0.42030000,0.42060000,0.42020000,0.42060000,294478.00000000,1653281999999,123800.96170000,243,170094.00000000,71515.77830000,0
1653282000000,0.42050000,0.42070000,0.42020000,0.42040000,258776.00000000,1653282179999,108801.39170000,217,111236.00000000,46772.73300000,0
1653282180000,0.42050000,0.42120000,0.42050000,0.42050000,254305.00000000,1653282359999,106990.75030000,194,149062.00000000,62703.88380000,0
1653282360000,0.42060000,0.42090000,0.42050000,0.42090000,181660.00000000,1653282539999,76434.55410000,117,151147.00000000,63597.86420000,0
1653282540000,0.42100000,0.42100000,0.42080000,0.42090000,99974.00000000,1653282719999,42080.36410000,106,21974.00000000,9250.18400000,0
1653282720000,0.42090000,0.42140000,0.42070000,0.42120000,263199.00000000,1653282899999,110813.82450000,170,167186.00000000,70388.45170000,0
1653282900000,0.42130000,0.42140000,0.42060000,0.42090000,248954.00000000,1653283079999,104815.13050000,202,159119.00000000,66993.09780000,0
1653283080000,0.42090000,0.42150000,0.42080000,0.42110000,446445.00000000,1653283259999,187989.86540000,258,316449.00000000,133248.46740000,0
1653283260000,0.42110000,0.42200000,0.42090000,0.42190000,1193059.00000000,1653283439999,503185.00250000,316,415918.00000000,175360.44850000,0
1653283440000,0.42190000,0.42210000,0.42160000,0.42170000,440084.00000000,1653283619999,185645.36810000,255,337800.00000000,142499.44130000,0
1653283620000,0.42170000,0.42180000,0.42150000,0.42170000,269250.00000000,1653283799999,113534.23520000,174,181765.00000000,76649.59120000,0
1653283800000,0.42180000,0.42210000,0.42150000,0.42180000,470858.00000000,1653283979999,198643.48860000,313,264310.00000000,111508.45660000,0
1653283980000,0.42190000,0.42190000,0.42120000,0.42160000,510068.00000000,1653284159999,215017.66460000,310,247530.00000000,104349.12000000,0
1653284160000,0.42160000,0.42160000,0.42070000,0.42080000,267470.00000000,1653284339999,112645.43670000,206,146792.00000000,61836.51810000,0
1653284340000,0.42070000,0.42100000,0.42040000,0.42080000,545593.00000000,1653284519999,229475.27840000,232,362171.00000000,152328.26420000,0
1653284520000,0.42090000,0.42100000,0.42060000,0.42080000,542647.00000000,1653284699999,228317.55720000,243,368814.00000000,155175.49380000,0
1653284700000,0.42080000,0.42110000,0.42070000,0.42090000,406182.00000000,1653284879999,170943.19650000,158,368901.00000000,155251.24710000,0
1653284880000,0.42090000,0.42180000,0.42070000,0.42160000,817690.00000000,1653285059999,344518.63980000,322,526993.00000000,222007.56100000,0
1653285060000,0.42150000,0.42170000,0.42030000,0.42030000,961247.00000000,1653285239999,404750.74660000,400,396612.00000000,167000.18470000,0
1653285240000,0.42040000,0.42060000,0.42000000,0.42060000,796397.00000000,1653285419999,334661.27860000,398,469211.00000000,197170.93580000,0
1653285420000,0.42050000,0.42080000,0.42000000,0.42060000,607983.00000000,1653285599999,255602.17730000,336,373513.00000000,157019.53460000,0
1653285600000,0.42070000,0.42170000,0.42060000,0.42160000,1404203.00000000,1653285779999,590994.22960000,328,432533.00000000,182091.83010000,0
1653285780000,0.42160000,0.42160000,0.42100000,0.42110000,218227.00000000,1653285959999,91942.58680000,227,115723.00000000,48756.60100000,0
1653285960000,0.42100000,0.42160000,0.42080000,0.42150000,254892.00000000,1653286139999,107356.84370000,199,188622.00000000,79453.49230000,0
1653286140000,0.42160000,0.42190000,0.42100000,0.42110000,858930.00000000,1653286319999,361976.27040000,322,524896.00000000,221178.33250000,0
1653286320000,0.42100000,0.42100000,0.42070000,0.42080000,334569.00000000,1653286499999,140802.73870000,163,76036.00000000,31997.87590000,0
1653286500000,0.42080000,0.42140000,0.42060000,0.42070000,670328.00000000,1653286679999,282127.60070000,332,348035.00000000,146503.04990000,0
1653286680000,0.42060000,0.42100000,0.42030000,0.42070000,724177.00000000,1653286859999,304610.48790000,240,357040.00000000,150162.55570000,0
1653286860000,0.42060000,0.42120000,0.42030000,0.42060000,842947.00000000,1653287039999,354621.19560000,337,489509.00000000,205930.65200000,0
1653287040000,0.42060000,0.42140000,0.42060000,0.42070000,558868.00000000,1653287219999,235244.99320000,256,397490.00000000,167317.94490000,0
1653287220000,0.42070000,0.42100000,0.42030000,0.42060000,557256.00000000,1653287399999,234354.21270000,328,315936.00000000,132876.48250000,0
1653287400000,0.42060000,0.42080000,0.42010000,0.42040000,490998.00000000,1653287579999,206365.79820000,289,152813.00000000,64234.29640000,0
1653287580000,0.42040000,0.42100000,0.42020000,0.42070000,342145.00000000,1653287759999,143883.26960000,259,74154.00000000,31194.79010000,0
1653287760000,0.42070000,0.42110000,0.42040000,0.42080000,317635.00000000,1653287939999,133658.28630000,227,216563.00000000,91129.04300000,0
1653287940000,0.42080000,0.42190000,0.42070000,0.42180000,1060946.00000000,1653288119999,447094.52950000,563,685693.00000000,288949.52800000,0
1653288120000,0.42180000,0.42270000,0.42140000,0.42220000,1148204.00000000,1653288299999,484599.60070000,545,589341.00000000,248716.71010000,0
1653288300000,0.42210000,0.42250000,0.42170000,0.42230000,524709.00000000,1653288479999,221493.14240000,337,320292.00000000,135205.40230000,0
1653288480000,0.42220000,0.42230000,0.42170000,0.42180000,359828.00000000,1653288659999,151842.75070000,260,222001.00000000,93685.53650000,0
1653288660000,0.42180000,0.42210000,0.42160000,0.42170000,401905.00000000,1653288839999,169555.51870000,234,272565.00000000,114997.95950000,0
1653288840000,0.42180000,0.42190000,0.42160000,0.42180000,226901.00000000,1653289019999,95698.28710000,149,145410.00000000,61332.27930000,0
1653289020000,0.42180000,0.42220000,0.42160000,0.42180000,154287.00000000,1653289199999,65086.84370000,134,78691.00000000,33192.53050000,0
1653289200000,0.42190000,0.42220000,0.42180000,0.42220000,301475.00000000,1653289379999,127230.35540000,215,194903.00000000,82252.44550000,0
1653289380000,0.42220000,0.42220000,0.42170000,0.42220000,694785.00000000,1653289559999,293187.90430000,287,255832.00000000,107967.12300000,0
1653289560000,0.42220000,0.42310000,0.42220000,0.42250000,861437.00000000,1653289739999,364090.84920000,368,572261.00000000,241859.64490000,0
1653289740000,0.42260000,0.42310000,0.42260000,0.42280000,576998.00000000,1653289919999,244013.28840000,369,349134.00000000,147642.46750000,0
1653289920000,0.42280000,0.42340000,0.42280000,0.42330000,574916.00000000,1653290099999,243213.07810000,273,213334.00000000,90271.63520000,0
1653290100000,0.42330000,0.42390000,0.42330000,0.42360000,529980.00000000,1653290279999,224474.43010000,270,328702.00000000,139200.00670000,0
1653290280000,0.42360000,0.42400000,0.42350000,0.42390000,270163.00000000,1653290459999,114494.44390000,189,143137.00000000,60660.58520000,0
1653290460000,0.42390000,0.42400000,0.42350000,0.42380000,360705.00000000,1653290639999,152851.84890000,267,193601.00000000,82035.19950000,0
1653290640000,0.42380000,0.42500000,0.42380000,0.42500000,1034255.00000000,1653290819999,438984.46630000,706,761206.00000000,323062.66440000,0
1653290820000,0.42500000,0.42530000,0.42470000,0.42480000,1021614.00000000,1653290999999,434143.32130000,453,448745.00000000,190702.59110000,0
1653291000000,0.42490000,0.42510000,0.42460000,0.42510000,493329.00000000,1653291179999,209616.43730000,301,264452.00000000,112379.80490000,0
1653291180000,0.42510000,0.42730000,0.42510000,0.42660000,1592966.00000000,1653291359999,679177.93920000,1246,1142327.00000000,487039.33220000,0
1653291360000,0.42670000,0.42670000,0.42610000,0.42620000,431959.00000000,1653291539999,184150.14200000,327,162499.00000000,69280.09130000,0
1653291540000,0.42620000,0.42620000,0.42500000,0.42530000,660519.00000000,1653291719999,281138.38000000,457,268270.00000000,114139.14250000,0
1653291720000,0.42520000,0.42530000,0.42460000,0.42460000,593685.00000000,1653291899999,252305.87320000,306,235998.00000000,100310.15230000,0
1653291900000,0.42460000,0.42460000,0.42390000,0.42410000,688806.00000000,1653292079999,292214.39970000,389,300308.00000000,127391.78840000,0
1653292080000,0.42410000,0.42490000,0.42400000,0.42460000,202606.00000000,1653292259999,85975.71560000,214,125678.00000000,53335.56540000,0
1653292260000,0.42470000,0.42470000,0.42400000,0.42410000,526042.00000000,1653292439999,223259.23970000,274,174152.00000000,73913.14510000,0
1653292440000,0.42410000,0.42450000,0.42390000,0.42410000,467680.00000000,1653292619999,198337.85850000,287,270009.00000000,114509.86890000,0
1653292620000,0.42410000,0.42480000,0.42400000,0.42460000,422015.00000000,1653292799999,179120.03480000,252,265012.00000000,112475.83890000,0
1653292800000,0.42470000,0.42520000,0.42410000,0.42450000,582936.00000000,1653292979999,247521.81430000,371,130860.00000000,55583.19080000,0
1653292980000,0.42440000,0.42520000,0.42400000,0.42520000,534298.00000000,1653293159999,226797.36520000,323,239588.00000000,101740.17800000,0
1653293160000,0.42520000,0.42600000,0.42490000,0.42600000,561339.00000000,1653293339999,238826.77340000,299,433137.00000000,184295.66590000,0
1653293340000,0.42600000,0.42610000,0.42540000,0.42550000,335957.00000000,1653293519999,143066.13860000,246,90656.00000000,38607.93740000,0
1653293520000,0.42550000,0.42550000,0.42340000,0.42340000,623251.00000000,1653293699999,264547.06270000,403,160879.00000000,68267.58240000,0
1653293700000,0.42350000,0.42370000,0.42290000,0.42350000,1747678.00000000,1653293879999,739585.31220000,673,876659.00000000,371030.15730000,0
1653293880000,0.42350000,0.42360000,0.42280000,0.42330000,361945.00000000,1653294059999,153148.66440000,305,133329.00000000,56411.00660000,0
1653294060000,0.42330000,0.42330000,0.42290000,0.42300000,257448.00000000,1653294239999,108932.77680000,238,68337.00000000,28916.96400000,0
1653294240000,0.42310000,0.42340000,0.42300000,0.42320000,226169.00000000,1653294419999,95713.75860000,195,124544.00000000,52713.68540000,0
1653294420000,0.42310000,0.42310000,0.42280000,0.42300000,239788.00000000,1653294599999,101430.53210000,180,80907.00000000,34227.09970000,0
1653294600000,0.42300000,0.42350000,0.42290000,0.42300000,391106.00000000,1653294779999,165516.24250000,236,182748.00000000,77338.14620000,0
1653294780000,0.42310000,0.42310000,0.42160000,0.42170000,1178522.00000000,1653294959999,497742.54380000,482,247570.00000000,104562.92080000,0
1653294960000,0.42160000,0.42220000,0.42160000,0.42180000,392816.00000000,1653295139999,165705.76580000,256,192161.00000000,81065.19880000,0
1653295140000,0.42180000,0.42200000,0.42140000,0.42170000,335575.00000000,1653295319999,141509.71650000,288,204984.00000000,86445.44630000,0
1653295320000,0.42160000,0.42170000,0.42100000,0.42130000,707912.00000000,1653295499999,298240.75960000,363,357567.00000000,150645.55140000,0
1653295500000,0.42130000,0.42170000,0.42060000,0.42090000,435472.00000000,1653295679999,183376.96500000,325,183605.00000000,77298.75520000,0
1653295680000,0.42090000,0.42200000,0.42090000,0.42190000,265041.00000000,1653295859999,111704.26160000,212,147541.00000000,62190.69800000,0
1653295860000,0.42190000,0.42200000,0.42120000,0.42120000,106391.00000000,1653296039999,44868.17170000,150,68847.00000000,29036.19140000,0
1653296040000,0.42120000,0.42180000,0.42110000,0.42120000,396781.00000000,1653296219999,167199.06510000,254,299138.00000000,126055.13030000,0
1653296220000,0.42120000,0.42140000,0.42100000,0.42100000,174678.00000000,1653296399999,73578.19120000,161,96856.00000000,40800.09470000,0
1653296400000,0.42100000,0.42140000,0.42090000,0.42100000,723223.00000000,1653296579999,304573.56590000,273,290745.00000000,122453.58190000,0
1653296580000,0.42090000,0.42140000,0.42090000,0.42110000,494780.00000000,1653296759999,208358.83610000,216,394779.00000000,166245.10540000,0
1653296760000,0.42110000,0.42110000,0.42070000,0.42080000,390232.00000000,1653296939999,164218.41220000,178,162874.00000000,68536.03020000,0
1653296940000,0.42090000,0.42120000,0.42070000,0.42080000,448304.00000000,1653297119999,188699.33450000,176,268512.00000000,113028.89750000,0
1653297120000,0.42090000,0.42200000,0.42080000,0.42170000,559704.00000000,1653297299999,235894.93150000,334,349916.00000000,147455.77760000,0
1653297300000,0.42170000,0.42170000,0.42100000,0.42160000,719434.00000000,1653297479999,303087.08870000,257,316168.00000000,133228.37910000,0
1653297480000,0.42170000,0.42200000,0.42160000,0.42170000,285480.00000000,1653297659999,120411.89690000,207,85615.00000000,36106.79120000,0
1653297660000,0.42160000,0.42180000,0.42140000,0.42160000,171579.00000000,1653297839999,72343.64060000,142,100961.00000000,42570.67290000,0
1653297840000,0.42170000,0.42170000,0.42140000,0.42140000,90405.00000000,1653298019999,38119.52460000,118,59818.00000000,25224.35930000,0
1653298020000,0.42150000,0.42150000,0.42080000,0.42150000,364926.00000000,1653298199999,153705.70720000,217,227318.00000000,95747.70350000,0
1653298200000,0.42160000,0.42270000,0.42150000,0.42240000,616144.00000000,1653298379999,260006.85950000,346,310471.00000000,131067.25630000,0
1653298380000,0.42240000,0.42250000,0.42210000,0.42220000,163843.00000000,1653298559999,69174.22550000,145,52738.00000000,22267.61310000,0
1653298560000,0.42210000,0.42290000,0.42210000,0.42250000,511055.00000000,1653298739999,215976.10650000,290,290864.00000000,122904.66240000,0
1653298740000,0.42260000,0.42260000,0.42220000,0.42240000,109984.00000000,1653298919999,46459.19310000,139,61405.00000000,25941.24740000,0
1653298920000,0.42240000,0.42300000,0.42230000,0.42260000,914524.00000000,1653299099999,386549.95890000,357,804346.00000000,339993.34370000,0
1653299100000,0.42260000,0.42270000,0.42200000,0.42230000,982063.00000000,1653299279999,414720.21140000,367,303208.00000000,128034.59790000,0
1653299280000,0.42240000,0.42290000,0.42230000,0.42260000,486913.00000000,1653299459999,205791.12420000,328,189919.00000000,80256.58060000,0
1653299460000,0.42260000,0.42330000,0.42260000,0.42280000,1247117.00000000,1653299639999,527373.98290000,591,565537.00000000,239144.75560000,0
1653299640000,0.42280000,0.42320000,0.42240000,0.42260000,666664.00000000,1653299819999,281832.49140000,476,305341.00000000,129090.79500000,0
1653299820000,0.42260000,0.42270000,0.42200000,0.42230000,450384.00000000,1653299999999,190206.02530000,359,126570.00000000,53451.85980000,0
1653300000000,0.42230000,0.42280000,0.42190000,0.42240000,430908.00000000,1653300179999,181921.11740000,321,170037.00000000,71787.08030000,0
1653300180000,0.42240000,0.42260000,0.42220000,0.42260000,339835.00000000,1653300359999,143535.28230000,219,205222.00000000,86680.34400000,0
1653300360000,0.42260000,0.42310000,0.42240000,0.42310000,362730.00000000,1653300539999,153322.09790000,284,235461.00000000,99530.92780000,0
1653300540000,0.42300000,0.42360000,0.42280000,0.42350000,360402.00000000,1653300719999,152545.66980000,262,184567.00000000,78123.35830000,0
1653300720000,0.42350000,0.42380000,0.42270000,0.42330000,466224.00000000,1653300899999,197360.81230000,333,154696.00000000,65493.88640000,0
1653300900000,0.42340000,0.42360000,0.42260000,0.42330000,732689.00000000,1653301079999,309953.53720000,340,187100.00000000,79173.67240000,0
1653301080000,0.42340000,0.42410000,0.42330000,0.42400000,412376.00000000,1653301259999,174696.88110000,288,215071.00000000,91111.10140000,0
1653301260000,0.42390000,0.42390000,0.42330000,0.42350000,388182.00000000,1653301439999,164473.63950000,297,155007.00000000,65680.64040000,0
1653301440000,0.42340000,0.42390000,0.42330000,0.42350000,523404.00000000,1653301619999,221674.83950000,391,323241.00000000,136907.03170000,0
1653301620000,0.42350000,0.42490000,0.42350000,0.42470000,503764.00000000,1653301799999,213796.85180000,357,401925.00000000,170571.18530000,0
1653301800000,0.42480000,0.42500000,0.42400000,0.42420000,281936.00000000,1653301979999,119678.66750000,242,156440.00000000,66394.69980000,0
1653301980000,0.42410000,0.42420000,0.42360000,0.42410000,227209.00000000,1653302159999,96333.47880000,208,105656.00000000,44798.05370000,0
1653302160000,0.42420000,0.42440000,0.42380000,0.42440000,242514.00000000,1653302339999,102844.97930000,207,98915.00000000,41953.38390000,0
1653302340000,0.42440000,0.42540000,0.42440000,0.42520000,218789.00000000,1653302519999,92973.83750000,218,162042.00000000,68853.00500000,0
1653302520000,0.42530000,0.42630000,0.42530000,0.42610000,462095.00000000,1653302699999,196789.93610000,343,313406.00000000,133455.20970000,0
1653302700000,0.42610000,0.42650000,0.42510000,0.42550000,309952.00000000,1653302879999,132055.90120000,308,135974.00000000,57930.64690000,0
1653302880000,0.42550000,0.42590000,0.42460000,0.42460000,448605.00000000,1653303059999,190834.53880000,314,183394.00000000,78074.33460000,0
1653303060000,0.42460000,0.42490000,0.42390000,0.42450000,363440.00000000,1653303239999,154216.73600000,251,265815.00000000,112792.24610000,0
1653303240000,0.42440000,0.42490000,0.42430000,0.42490000,144636.00000000,1653303419999,61399.48820000,179,64806.00000000,27512.17410000,0
1653303420000,0.42480000,0.42580000,0.42480000,0.42540000,317335.00000000,1653303599999,134998.15680000,238,193418.00000000,82286.08870000,0
1653303600000,0.42540000,0.42610000,0.42500000,0.42610000,392734.00000000,1653303779999,167092.56830000,224,242265.00000000,103101.14800000,0
1653303780000,0.42610000,0.42610000,0.42500000,0.42520000,376585.00000000,1653303959999,160220.28270000,271,63745.00000000,27120.74830000,0
1653303960000,0.42510000,0.42590000,0.42510000,0.42580000,380460.00000000,1653304139999,161930.29490000,235,214703.00000000,91373.43190000,0
1653304140000,0.42580000,0.42660000,0.42530000,0.42660000,328603.00000000,1653304319999,139904.07060000,268,262192.00000000,111628.17990000,0
1653304320000,0.42650000,0.42670000,0.42610000,0.42640000,242894.00000000,1653304499999,103594.11410000,254,126700.00000000,54036.81920000,0
1653304500000,0.42640000,0.42650000,0.42590000,0.42600000,396599.00000000,1653304679999,169029.53900000,227,191019.00000000,81403.39400000,0
1653304680000,0.42610000,0.42610000,0.42570000,0.42590000,294264.00000000,1653304859999,125331.16730000,214,80951.00000000,34477.15110000,0
1653304860000,0.42580000,0.42620000,0.42560000,0.42570000,481999.00000000,1653305039999,205284.72090000,270,114754.00000000,48879.42820000,0
1653305040000,0.42570000,0.42620000,0.42560000,0.42570000,516222.00000000,1653305219999,219884.09050000,289,238768.00000000,101703.41990000,0
1653305220000,0.42570000,0.42590000,0.42540000,0.42550000,531681.00000000,1653305399999,226362.92320000,285,218517.00000000,93045.99870000,0
1653305400000,0.42540000,0.42640000,0.42540000,0.42640000,723957.00000000,1653305579999,308436.28880000,266,565986.00000000,241111.30020000,0
1653305580000,0.42630000,0.42630000,0.42510000,0.42510000,639124.00000000,1653305759999,272079.95600000,365,177035.00000000,75339.09200000,0
1653305760000,0.42520000,0.42520000,0.42420000,0.42480000,1046926.00000000,1653305939999,444515.16660000,441,641151.00000000,272212.44640000,0
1653305940000,0.42490000,0.42570000,0.42480000,0.42540000,320859.00000000,1653306119999,136436.47990000,279,145682.00000000,61939.80310000,0
1653306120000,0.42550000,0.42630000,0.42550000,0.42620000,367657.00000000,1653306299999,156572.48210000,249,182395.00000000,77664.03940000,0
1653306300000,0.42630000,0.42630000,0.42550000,0.42550000,561911.00000000,1653306479999,239257.95800000,290,288223.00000000,122724.26050000,0
1653306480000,0.42550000,0.42580000,0.42510000,0.42530000,1223385.00000000,1653306659999,520506.81290000,374,182571.00000000,77697.55100000,0
1653306660000,0.42520000,0.42560000,0.42470000,0.42530000,366331.00000000,1653306839999,155749.59410000,271,170517.00000000,72490.14760000,0
1653306840000,0.42530000,0.42540000,0.42500000,0.42520000,180364.00000000,1653307019999,76698.17230000,149,91313.00000000,38830.65980000,0
1653307020000,0.42520000,0.42550000,0.42490000,0.42490000,145027.00000000,1653307199999,61658.13910000,162,77787.00000000,33070.48470000,0
1653307200000,0.42500000,0.42540000,0.42400000,0.42530000,445607.00000000,1653307379999,189279.72890000,377,243315.00000000,103347.02170000,0
1653307380000,0.42530000,0.42680000,0.42530000,0.42670000,433034.00000000,1653307559999,184470.31730000,386,221664.00000000,94435.23940000,0
1653307560000,0.42670000,0.42700000,0.42650000,0.42670000,242225.00000000,1653307739999,103369.24570000,277,143924.00000000,61420.58420000,0
1653307740000,0.42670000,0.42670000,0.42610000,0.42650000,395127.00000000,1653307919999,168499.83480000,300,214591.00000000,91498.29340000,0
1653307920000,0.42650000,0.42770000,0.42640000,0.42760000,820012.00000000,1653308099999,350147.94010000,504,604273.00000000,258020.72940000,0
1653308100000,0.42760000,0.42860000,0.42750000,0.42780000,740162.00000000,1653308279999,316784.67790000,670,346176.00000000,148213.43760000,0
1653308280000,0.42790000,0.42850000,0.42690000,0.42710000,516802.00000000,1653308459999,221014.70390000,466,291350.00000000,124577.36710000,0
1653308460000,0.42700000,0.42740000,0.42680000,0.42700000,798810.00000000,1653308639999,341171.39240000,416,498905.00000000,213116.31290000,0
1653308640000,0.42690000,0.42740000,0.42660000,0.42680000,458191.00000000,1653308819999,195610.26760000,273,205340.00000000,87679.21620000,0
1653308820000,0.42680000,0.42700000,0.42640000,0.42660000,493716.00000000,1653308999999,210699.51590000,257,133029.00000000,56770.79430000,0
1653309000000,0.42670000,0.42720000,0.42580000,0.42580000,483569.00000000,1653309179999,206178.42840000,330,170024.00000000,72497.62800000,0
1653309180000,0.42590000,0.42640000,0.42550000,0.42630000,323898.00000000,1653309359999,137908.58130000,294,228738.00000000,97391.03400000,0
1653309360000,0.42640000,0.42650000,0.42560000,0.42560000,422862.00000000,1653309539999,180163.23890000,237,93160.00000000,39689.88690000,0
1653309540000,0.42560000,0.42590000,0.42510000,0.42570000,403217.00000000,1653309719999,171548.66840000,266,220015.00000000,93583.11730000,0
1653309720000,0.42570000,0.42620000,0.42540000,0.42600000,331458.00000000,1653309899999,141109.87180000,243,107328.00000000,45690.86930000,0
1653309900000,0.42600000,0.42600000,0.42540000,0.42600000,726396.00000000,1653310079999,309272.22760000,275,252623.00000000,107545.84500000,0
1653310080000,0.42610000,0.42640000,0.42580000,0.42590000,328614.00000000,1653310259999,140041.42890000,240,104578.00000000,44567.23870000,0
1653310260000,0.42590000,0.42630000,0.42560000,0.42570000,307606.00000000,1653310439999,130985.67120000,219,143029.00000000,60898.67470000,0
1653310440000,0.42580000,0.42590000,0.42420000,0.42420000,474553.00000000,1653310619999,201875.53500000,311,47893.00000000,20361.24800000,0
1653310620000,0.42430000,0.42490000,0.42410000,0.42470000,702964.00000000,1653310799999,298496.69180000,389,285378.00000000,121146.85110000,0
1653310800000,0.42480000,0.42480000,0.42250000,0.42290000,1679110.00000000,1653310979999,710711.86870000,855,568920.00000000,240629.29160000,0
1653310980000,0.42290000,0.42340000,0.42180000,0.42330000,1922527.00000000,1653311159999,812102.83310000,921,780345.00000000,329629.82790000,0
1653311160000,0.42320000,0.42450000,0.42320000,0.42450000,509371.00000000,1653311339999,215991.01840000,305,294905.00000000,125053.19980000,0
1653311340000,0.42450000,0.42530000,0.42440000,0.42510000,708294.00000000,1653311519999,300940.63500000,353,499536.00000000,212252.53250000,0
1653311520000,0.42520000,0.42550000,0.42500000,0.42540000,1116676.00000000,1653311699999,474899.43820000,264,355156.00000000,151036.13230000,0
1653311700000,0.42550000,0.42620000,0.42490000,0.42610000,490741.00000000,1653311879999,208766.10810000,320,242306.00000000,103086.00940000,0
1653311880000,0.42620000,0.42650000,0.42590000,0.42630000,542931.00000000,1653312059999,231398.55090000,326,317034.00000000,135122.13730000,0
1653312060000,0.42640000,0.42640000,0.42570000,0.42600000,731821.00000000,1653312239999,311840.73100000,336,289360.00000000,123268.49890000,0
1653312240000,0.42590000,0.42600000,0.42490000,0.42500000,378831.00000000,1653312419999,161225.88510000,246,117981.00000000,50196.24180000,0
1653312420000,0.42500000,0.42530000,0.42440000,0.42460000,571301.00000000,1653312599999,242752.81320000,308,210922.00000000,89605.15790000,0
1653312600000,0.42470000,0.42700000,0.42400000,0.42510000,2347480.00000000,1653312779999,997596.10870000,1230,1282993.00000000,545198.35470000,0
1653312780000,0.42510000,0.42570000,0.42440000,0.42500000,970899.00000000,1653312959999,412663.95880000,635,457238.00000000,194315.60890000,0
1653312960000,0.42500000,0.42510000,0.42410000,0.42430000,1008791.00000000,1653313139999,428281.35810000,520,383360.00000000,162744.18050000,0
1653313140000,0.42420000,0.42500000,0.42200000,0.42500000,3743467.00000000,1653313319999,1586070.96320000,1453,839348.00000000,355178.24430000,0
1653313320000,0.42490000,0.42570000,0.42420000,0.42560000,1158054.00000000,1653313499999,492288.32800000,757,511558.00000000,217509.58230000,0
1653313500000,0.42550000,0.42670000,0.42500000,0.42640000,824583.00000000,1653313679999,351184.34070000,650,458561.00000000,195303.11220000,0
1653313680000,0.42640000,0.42690000,0.42620000,0.42650000,416367.00000000,1653313859999,177578.01490000,469,209898.00000000,89517.39220000,0
1653313860000,0.42650000,0.42690000,0.42580000,0.42620000,415375.00000000,1653314039999,177135.34180000,397,229177.00000000,97709.63650000,0
1653314040000,0.42610000,0.42630000,0.42450000,0.42450000,412869.00000000,1653314219999,175562.87300000,416,144315.00000000,61354.38760000,0
1653314220000,0.42440000,0.42490000,0.42370000,0.42390000,384295.00000000,1653314399999,163036.95650000,324,131500.00000000,55797.68710000,0
1653314400000,0.42380000,0.42390000,0.42230000,0.42240000,1252301.00000000,1653314579999,529528.77410000,736,327197.00000000,138387.73490000,0
1653314580000,0.42250000,0.42330000,0.42220000,0.42290000,1671563.00000000,1653314759999,706515.59330000,813,843374.00000000,356448.31560000,0
1653314760000,0.42290000,0.42370000,0.42200000,0.42240000,1385607.00000000,1653314939999,585595.36480000,720,524953.00000000,221876.83840000,0
1653314940000,0.42220000,0.42330000,0.42160000,0.42330000,1488041.00000000,1653315119999,628296.80670000,858,543092.00000000,229409.36320000,0
1653315120000,0.42320000,0.42400000,0.42280000,0.42320000,543648.00000000,1653315299999,230242.81200000,505,209881.00000000,88878.76680000,0
1653315300000,0.42330000,0.42460000,0.42310000,0.42450000,622400.00000000,1653315479999,263700.99450000,536,408717.00000000,173148.08350000,0
1653315480000,0.42460000,0.42460000,0.42270000,0.42270000,669746.00000000,1653315659999,283835.41110000,534,283572.00000000,120227.19550000,0
1653315660000,0.42270000,0.42400000,0.42270000,0.42340000,523144.00000000,1653315839999,221511.07040000,388,312550.00000000,132330.32600000,0
1653315840000,0.42330000,0.42350000,0.42260000,0.42320000,567957.00000000,1653316019999,240290.90670000,437,408825.00000000,172970.70490000,0
1653316020000,0.42330000,0.42380000,0.42210000,0.42380000,980946.00000000,1653316199999,414575.59610000,620,367045.00000000,155157.76830000,0
1653316200000,0.42390000,0.42480000,0.42340000,0.42460000,767855.00000000,1653316379999,325528.93120000,572,409502.00000000,173593.80510000,0
1653316380000,0.42470000,0.42480000,0.42410000,0.42450000,495183.00000000,1653316559999,210169.15290000,358,184423.00000000,78267.17260000,0
1653316560000,0.42460000,0.42460000,0.42350000,0.42430000,395731.00000000,1653316739999,167830.38330000,383,233848.00000000,99164.34300000,0
1653316740000,0.42420000,0.42450000,0.42360000,0.42370000,343815.00000000,1653316919999,145832.76640000,311,193904.00000000,82246.81240000,0
1653316920000,0.42380000,0.42430000,0.42360000,0.42430000,361447.00000000,1653317099999,153223.67610000,275,201138.00000000,85269.07290000,0
1653317100000,0.42440000,0.42450000,0.42370000,0.42440000,745834.00000000,1653317279999,316202.81890000,364,614202.00000000,260363.81260000,0
1653317280000,0.42440000,0.42550000,0.42440000,0.42500000,2081493.00000000,1653317459999,884743.18430000,567,526668.00000000,223925.58000000,0
1653317460000,0.42500000,0.42520000,0.42400000,0.42490000,659489.00000000,1653317639999,279977.05040000,368,356425.00000000,151344.48270000,0
1653317640000,0.42490000,0.42500000,0.42360000,0.42360000,415889.00000000,1653317819999,176487.62710000,275,200209.00000000,84954.43630000,0
1653317820000,0.42360000,0.42430000,0.42320000,0.42410000,457548.00000000,1653317999999,193920.62320000,315,310080.00000000,131424.00350000,0
1653318000000,0.42400000,0.42500000,0.42360000,0.42490000,1353427.00000000,1653318179999,574485.14980000,356,1044810.00000000,443523.18720000,0
1653318180000,0.42490000,0.42540000,0.42470000,0.42520000,381860.00000000,1653318359999,162314.31180000,300,122127.00000000,51914.50900000,0
1653318360000,0.42520000,0.42560000,0.42480000,0.42480000,324029.00000000,1653318539999,137743.91380000,311,160203.00000000,68098.98820000,0
1653318540000,0.42480000,0.42500000,0.42440000,0.42440000,160605.00000000,1653318719999,68214.71250000,161,96462.00000000,40972.05580000,0
1653318720000,0.42450000,0.42550000,0.42430000,0.42550000,375766.00000000,1653318899999,159587.62080000,263,262258.00000000,111391.99710000,0
1653318900000,0.42550000,0.42580000,0.42500000,0.42520000,365465.00000000,1653319079999,155471.35580000,270,124380.00000000,52904.29100000,0
1653319080000,0.42510000,0.42530000,0.42470000,0.42520000,187426.00000000,1653319259999,79658.24620000,220,79666.00000000,33862.28810000,0
1653319260000,0.42520000,0.42560000,0.42480000,0.42540000,411712.00000000,1653319439999,175125.50010000,322,190923.00000000,81212.20270000,0
1653319440000,0.42540000,0.42590000,0.42540000,0.42550000,264361.00000000,1653319619999,112509.29870000,230,133100.00000000,56655.51300000,0
1653319620000,0.42560000,0.42640000,0.42510000,0.42640000,763820.00000000,1653319799999,325224.91360000,318,623096.00000000,265326.78220000,0
1653319800000,0.42640000,0.42660000,0.42570000,0.42580000,583141.00000000,1653319979999,248516.84550000,345,185028.00000000,78857.44160000,0
1653319980000,0.42580000,0.42660000,0.42530000,0.42640000,1651757.00000000,1653320159999,703486.06300000,504,518161.00000000,220851.88650000,0
1653320160000,0.42640000,0.42660000,0.42560000,0.42630000,372371.00000000,1653320339999,158679.78580000,314,200775.00000000,85548.25560000,0
1653320340000,0.42630000,0.42690000,0.42610000,0.42630000,696722.00000000,1653320519999,297138.94890000,287,400697.00000000,170912.14740000,0
1653320520000,0.42620000,0.42630000,0.42580000,0.42600000,339547.00000000,1653320699999,144665.72300000,211,204133.00000000,86966.26180000,0
1653320700000,0.42600000,0.42660000,0.42540000,0.42560000,394483.00000000,1653320879999,168106.00890000,238,265785.00000000,113253.50720000,0
1653320880000,0.42560000,0.42570000,0.42500000,0.42550000,499941.00000000,1653321059999,212611.73480000,335,290867.00000000,123706.08700000,0
1653321060000,0.42540000,0.42590000,0.42520000,0.42590000,297735.00000000,1653321239999,126708.45900000,210,99399.00000000,42314.10420000,0
1653321240000,0.42580000,0.42650000,0.42580000,0.42620000,255987.00000000,1653321419999,109105.63630000,194,149836.00000000,63863.11920000,0
1653321420000,0.42620000,0.42670000,0.42600000,0.42600000,210300.00000000,1653321599999,89662.92630000,142,108446.00000000,46232.91530000,0
1653321600000,0.42610000,0.42660000,0.42590000,0.42660000,389566.00000000,1653321779999,166042.74440000,260,248724.00000000,106019.19550000,0
1653321780000,0.42660000,0.42740000,0.42640000,0.42710000,832860.00000000,1653321959999,355595.08100000,447,392110.00000000,167447.22320000,0
1653321960000,0.42720000,0.42760000,0.42670000,0.42750000,345317.00000000,1653322139999,147549.06190000,287,151505.00000000,64745.45430000,0
1653322140000,0.42740000,0.42740000,0.42650000,0.42670000,1237585.00000000,1653322319999,528574.41500000,590,592244.00000000,252990.46530000,0
1653322320000,0.42670000,0.42750000,0.42670000,0.42690000,653796.00000000,1653322499999,279129.90540000,336,280180.00000000,119622.83690000,0
1653322500000,0.42690000,0.42730000,0.42680000,0.42690000,264395.00000000,1653322679999,112913.94340000,187,142097.00000000,60687.39530000,0
1653322680000,0.42700000,0.42790000,0.42700000,0.42780000,205578.00000000,1653322859999,87876.74380000,198,99393.00000000,42473.17270000,0
1653322860000,0.42780000,0.42830000,0.42770000,0.42820000,623131.00000000,1653323039999,266693.44920000,372,383550.00000000,164146.69000000,0
1653323040000,0.42820000,0.42870000,0.42790000,0.42840000,382742.00000000,1653323219999,163941.43760000,332,185259.00000000,79350.56590000,0
1653323220000,0.42840000,0.42840000,0.42750000,0.42750000,528754.00000000,1653323399999,226271.62660000,264,134443.00000000,57532.89160000,0
1653323400000,0.42750000,0.42750000,0.42630000,0.42670000,231724.00000000,1653323579999,98912.62480000,260,118643.00000000,50650.30150000,0
1653323580000,0.42660000,0.42680000,0.42580000,0.42620000,234718.00000000,1653323759999,100023.19140000,237,52958.00000000,22572.74060000,0
1653323760000,0.42610000,0.42690000,0.42610000,0.42670000,187892.00000000,1653323939999,80132.54410000,174,126111.00000000,53779.40650000,0
1653323940000,0.42680000,0.42740000,0.42660000,0.42670000,492622.00000000,1653324119999,210368.62430000,273,305199.00000000,130357.36650000,0
1653324120000,0.42670000,0.42700000,0.42640000,0.42660000,286903.00000000,1653324299999,122417.06030000,199,170241.00000000,72650.69480000,0
1653324300000,0.42660000,0.42680000,0.42590000,0.42600000,238786.00000000,1653324479999,101806.35770000,224,108649.00000000,46328.80800000,0
1653324480000,0.42600000,0.42600000,0.42540000,0.42570000,435945.00000000,1653324659999,185501.45190000,296,149391.00000000,63571.33400000,0
1653324660000,0.42570000,0.42570000,0.42470000,0.42510000,306735.00000000,1653324839999,130375.36320000,319,106682.00000000,45337.61190000,0
1653324840000,0.42500000,0.42500000,0.42410000,0.42480000,715360.00000000,1653325019999,303775.23360000,421,214077.00000000,90890.99130000,0
1653325020000,0.42470000,0.42510000,0.42460000,0.42510000,371202.00000000,1653325199999,157702.33430000,313,201859.00000000,85758.39800000,0
1653325200000,0.42500000,0.42510000,0.42360000,0.42390000,1018207.00000000,1653325379999,431773.84100000,558,429839.00000000,182271.85840000,0
1653325380000,0.42390000,0.42410000,0.42280000,0.42320000,1150120.00000000,1653325559999,486883.46760000,487,250756.00000000,106130.62210000,0
1653325560000,0.42320000,0.42380000,0.42310000,0.42330000,212887.00000000,1653325739999,90141.98910000,223,120746.00000000,51118.88620000,0
1653325740000,0.42320000,0.42370000,0.42320000,0.42330000,126633.00000000,1653325919999,53624.24620000,153,49285.00000000,20870.29700000,0
1653325920000,0.42320000,0.42380000,0.42320000,0.42330000,174489.00000000,1653326099999,73903.11150000,186,80429.00000000,34064.47900000,0
1653326100000,0.42340000,0.42340000,0.42150000,0.42160000,928629.00000000,1653326279999,392196.98040000,573,121621.00000000,51345.27610000,0
1653326280000,0.42150000,0.42260000,0.42140000,0.42210000,448134.00000000,1653326459999,189135.63810000,311,221010.00000000,93284.33980000,0
1653326460000,0.42210000,0.42290000,0.42190000,0.42280000,309767.00000000,1653326639999,130836.71760000,252,192559.00000000,81334.98100000,0
1653326640000,0.42270000,0.42290000,0.42260000,0.42290000,165063.00000000,1653326819999,69772.31980000,157,83692.00000000,35377.62910000,0
1653326820000,0.42280000,0.42280000,0.42210000,0.42230000,408676.00000000,1653326999999,172577.00560000,187,77804.00000000,32858.00650000,0
1653327000000,0.42220000,0.42220000,0.42020000,0.42110000,1085585.00000000,1653327179999,456697.24830000,642,499626.00000000,210232.77800000,0
1653327180000,0.42110000,0.42170000,0.42070000,0.42090000,585514.00000000,1653327359999,246602.25070000,363,137837.00000000,58055.06950000,0
1653327360000,0.42090000,0.42100000,0.42000000,0.42040000,778156.00000000,1653327539999,327084.31000000,574,234199.00000000,98461.53920000,0
1653327540000,0.42030000,0.42030000,0.41990000,0.42020000,622162.00000000,1653327719999,261353.90260000,489,176432.00000000,74113.07600000,0
1653327720000,0.42030000,0.42040000,0.41970000,0.42010000,1271571.00000000,1653327899999,534130.76290000,458,114750.00000000,48208.44630000,0
1653327900000,0.42010000,0.42010000,0.41910000,0.41960000,1091273.00000000,1653328079999,457801.75390000,609,447178.00000000,187569.06130000,0
1653328080000,0.41960000,0.42030000,0.41920000,0.41930000,869274.00000000,1653328259999,364841.17360000,539,308648.00000000,129553.83250000,0
1653328260000,0.41940000,0.41970000,0.41900000,0.41900000,532417.00000000,1653328439999,223209.81930000,397,151666.00000000,63603.67630000,0
1653328440000,0.41900000,0.41950000,0.41890000,0.41910000,682390.00000000,1653328619999,285990.19300000,388,375033.00000000,157190.29470000,0
1653328620000,0.41910000,0.41910000,0.41850000,0.41880000,439202.00000000,1653328799999,183954.04150000,348,170846.00000000,71553.36070000,0
1653328800000,0.41880000,0.41900000,0.41810000,0.41870000,1105201.00000000,1653328979999,462525.87210000,537,605974.00000000,253501.17480000,0
1653328980000,0.41870000,0.41880000,0.41810000,0.41820000,295777.00000000,1653329159999,123746.61790000,236,141501.00000000,59202.32590000,0
1653329160000,0.41810000,0.41940000,0.41810000,0.41940000,575727.00000000,1653329339999,241194.52540000,384,336135.00000000,140815.38620000,0
1653329340000,0.41950000,0.41980000,0.41920000,0.41960000,391083.00000000,1653329519999,164077.73890000,292,190232.00000000,79813.14570000,0
1653329520000,0.41960000,0.41990000,0.41940000,0.41960000,113738.00000000,1653329699999,47731.77860000,177,58455.00000000,24531.06180000,0
1653329700000,0.41960000,0.41960000,0.41840000,0.41860000,293431.00000000,1653329879999,122925.24610000,255,177345.00000000,74284.06840000,0
1653329880000,0.41850000,0.41900000,0.41850000,0.41860000,352309.00000000,1653330059999,147519.41380000,196,106503.00000000,44598.34010000,0
1653330060000,0.41860000,0.41900000,0.41830000,0.41830000,186928.00000000,1653330239999,78269.92800000,172,86520.00000000,36233.24580000,0
1653330240000,0.41830000,0.41860000,0.41810000,0.41820000,318155.00000000,1653330419999,133091.53260000,236,234642.00000000,98161.44770000,0
1653330420000,0.41820000,0.41850000,0.41810000,0.41820000,434596.00000000,1653330599999,181743.06170000,219,279032.00000000,116681.24830000,0
1653330600000,0.41820000,0.41870000,0.41800000,0.41860000,417325.00000000,1653330779999,174520.27650000,237,225309.00000000,94233.54690000,0
1653330780000,0.41860000,0.41860000,0.41800000,0.41810000,172798.00000000,1653330959999,72295.26190000,164,34260.00000000,14336.60340000,0
1653330960000,0.41800000,0.41820000,0.41770000,0.41790000,1611867.00000000,1653331139999,673651.53410000,509,413736.00000000,172889.26060000,0
1653331140000,0.41780000,0.41850000,0.41780000,0.41790000,512094.00000000,1653331319999,214125.02530000,342,380239.00000000,158991.44310000,0
1653331320000,0.41800000,0.41890000,0.41790000,0.41890000,203085.00000000,1653331499999,84953.50620000,192,189156.00000000,79125.40190000,0
1653331500000,0.41890000,0.41930000,0.41850000,0.41930000,565881.00000000,1653331679999,237016.97390000,287,194402.00000000,81446.94520000,0
1653331680000,0.41940000,0.41980000,0.41820000,0.41980000,452104.00000000,1653331859999,189424.01740000,425,272192.00000000,114075.33050000,0
1653331860000,0.41980000,0.42020000,0.41750000,0.41790000,1470106.00000000,1653332039999,615063.98520000,841,576773.00000000,241434.47320000,0
1653332040000,0.41780000,0.41830000,0.41700000,0.41750000,1368910.00000000,1653332219999,571635.85910000,751,404398.00000000,168872.16570000,0
1653332220000,0.41740000,0.41850000,0.41710000,0.41780000,1042457.00000000,1653332399999,435616.39070000,739,583944.00000000,244062.82550000,0
1653332400000,0.41790000,0.41790000,0.41560000,0.41620000,2384381.00000000,1653332579999,993233.98510000,1651,1337622.00000000,557131.38330000,0
1653332580000,0.41620000,0.41640000,0.41400000,0.41480000,2682848.00000000,1653332759999,1112810.83700000,1609,1164400.00000000,482961.39420000,0
1653332760000,0.41490000,0.41640000,0.41490000,0.41570000,1451362.00000000,1653332939999,603332.67630000,989,839117.00000000,348815.57460000,0
1653332940000,0.41580000,0.41590000,0.41460000,0.41460000,1056305.00000000,1653333119999,438680.65790000,760,472362.00000000,196189.21110000,0
1653333120000,0.41450000,0.41480000,0.41400000,0.41440000,1477870.00000000,1653333299999,612540.32650000,1097,799880.00000000,331539.36290000,0
1653333300000,0.41430000,0.41430000,0.41070000,0.41070000,4101680.00000000,1653333479999,1691906.06320000,2711,1449204.00000000,597329.40980000,0
1653333480000,0.41070000,0.41220000,0.41040000,0.41110000,1747965.00000000,1653333659999,719351.34920000,1482,1004483.00000000,413406.78000000,0
1653333660000,0.41110000,0.41190000,0.41040000,0.41050000,2133209.00000000,1653333839999,877062.27630000,1101,819891.00000000,337143.11320000,0
1653333840000,0.41050000,0.41130000,0.40770000,0.40810000,2509936.00000000,1653334019999,1027995.38510000,2179,1024623.00000000,419729.77190000,0
1653334020000,0.40800000,0.41040000,0.40800000,0.40940000,1068366.00000000,1653334199999,437396.39750000,1106,569154.00000000,233003.24710000,0
1653334200000,0.40950000,0.41180000,0.40840000,0.41130000,3894805.00000000,1653334379999,1598184.51130000,1769,2945990.00000000,1209398.50460000,0
1653334380000,0.41140000,0.41170000,0.41060000,0.41070000,764498.00000000,1653334559999,314230.61360000,699,334422.00000000,137467.74650000,0
1653334560000,0.41060000,0.41130000,0.40980000,0.41000000,1028468.00000000,1653334739999,422163.05760000,915,491601.00000000,201821.99470000,0
1653334740000,0.40990000,0.41020000,0.40900000,0.40960000,806280.00000000,1653334919999,330278.51050000,576,452705.00000000,185469.73010000,0
1653334920000,0.40970000,0.41000000,0.40900000,0.40990000,1231075.00000000,1653335099999,503874.52350000,694,525480.00000000,215143.57910000,0
1653335100000,0.40990000,0.41010000,0.40920000,0.41010000,840674.00000000,1653335279999,344414.45710000,556,467451.00000000,191507.55850000,0
1653335280000,0.41010000,0.41120000,0.40950000,0.41110000,2064017.00000000,1653335459999,846632.88370000,942,1300326.00000000,533388.73020000,0
1653335460000,0.41110000,0.41170000,0.40960000,0.40970000,468409.00000000,1653335639999,192520.92410000,370,224633.00000000,92366.57880000,0
1653335640000,0.40960000,0.41010000,0.40900000,0.40940000,753795.00000000,1653335819999,308690.58120000,480,342872.00000000,140430.74120000,0
1653335820000,0.40940000,0.41010000,0.40830000,0.40840000,958479.00000000,1653335999999,392189.42210000,553,482568.00000000,197499.42220000,0
1653336000000,0.40840000,0.41070000,0.40740000,0.40990000,1740930.00000000,1653336179999,712787.97230000,1206,1071626.00000000,438796.03340000,0
1653336180000,0.40980000,0.41040000,0.40920000,0.40940000,1341070.00000000,1653336359999,549384.48650000,729,725709.00000000,297309.45440000,0
1653336360000,0.40930000,0.41150000,0.40920000,0.41150000,1080047.00000000,1653336539999,443039.29240000,622,786674.00000000,322744.96720000,0
1653336540000,0.41160000,0.41170000,0.40990000,0.41000000,724632.00000000,1653336719999,297679.12460000,493,294851.00000000,121140.86750000,0
1653336720000,0.40990000,0.41040000,0.40950000,0.40970000,906272.00000000,1653336899999,371430.23870000,644,491747.00000000,201540.14390000,0
1653336900000,0.40980000,0.41130000,0.40940000,0.41110000,1319923.00000000,1653337079999,541683.94500000,704,747663.00000000,306926.30900000,0
1653337080000,0.41110000,0.41140000,0.41080000,0.41120000,725596.00000000,1653337259999,298272.53940000,446,295795.00000000,121589.53150000,0
1653337260000,0.41110000,0.41160000,0.41090000,0.41120000,585441.00000000,1653337439999,240772.87710000,338,380493.00000000,156500.95020000,0
1653337440000,0.41120000,0.41130000,0.41040000,0.41050000,542502.00000000,1653337619999,222788.49360000,339,190843.00000000,78387.22230000,0
1653337620000,0.41060000,0.41130000,0.41040000,0.41110000,744133.00000000,1653337799999,305703.94650000,450,507550.00000000,208498.36060000,0
1653337800000,0.41110000,0.41180000,0.41080000,0.41160000,936006.00000000,1653337979999,384985.37350000,507,514659.00000000,211708.08400000,0
1653337980000,0.41160000,0.41210000,0.41160000,0.41200000,305439.00000000,1653338159999,125798.26450000,334,185906.00000000,76569.18060000,0
1653338160000,0.41200000,0.41330000,0.41170000,0.41290000,819163.00000000,1653338339999,337957.13990000,577,523944.00000000,216190.47440000,0
1653338340000,0.41290000,0.41360000,0.41280000,0.41350000,571706.00000000,1653338519999,236266.57140000,538,402717.00000000,166440.07040000,0
1653338520000,0.41350000,0.41460000,0.41340000,0.41410000,495691.00000000,1653338699999,205302.37170000,424,310247.00000000,128489.12040000,0
1653338700000,0.41410000,0.41460000,0.41340000,0.41430000,560067.00000000,1653338879999,231880.21810000,418,280806.00000000,116250.56170000,0
1653338880000,0.41440000,0.41480000,0.41390000,0.41430000,617417.00000000,1653339059999,255793.21900000,409,259440.00000000,107501.93620000,0
1653339060000,0.41420000,0.41420000,0.41270000,0.41310000,960790.00000000,1653339239999,397311.89800000,509,384847.00000000,159107.44380000,0
1653339240000,0.41320000,0.41320000,0.41220000,0.41280000,622525.00000000,1653339419999,256852.03720000,301,236935.00000000,97770.19740000,0
1653339420000,0.41280000,0.41370000,0.41280000,0.41360000,317076.00000000,1653339599999,130991.66750000,216,223361.00000000,92265.92280000,0
1653339600000,0.41360000,0.41440000,0.41340000,0.41350000,866184.00000000,1653339779999,358649.08730000,348,434746.00000000,180056.26510000,0
1653339780000,0.41340000,0.41350000,0.41300000,0.41320000,195645.00000000,1653339959999,80846.96350000,166,62995.00000000,26029.39460000,0
1653339960000,0.41310000,0.41340000,0.41290000,0.41320000,157407.00000000,1653340139999,65023.71050000,183,64946.00000000,26830.02520000,0
1653340140000,0.41330000,0.41410000,0.41320000,0.41410000,298026.00000000,1653340319999,123309.27200000,158,183242.00000000,75821.00010000,0
1653340320000,0.41420000,0.41420000,0.41320000,0.41340000,550034.00000000,1653340499999,227531.24310000,265,173017.00000000,71580.48860000,0
1653340500000,0.41340000,0.41550000,0.41320000,0.41450000,2285093.00000000,1653340679999,946570.90010000,572,2000900.00000000,828884.68770000,0
1653340680000,0.41460000,0.41470000,0.41420000,0.41420000,326908.00000000,1653340859999,135442.46120000,186,56061.00000000,23234.05710000,0
1653340860000,0.41430000,0.41430000,0.41420000,0.41420000,125679.00000000,1653341039999,52057.30600000,49,10642.00000000,4408.98060000,0
1653341040000,0.41430000,0.41460000,0.41410000,0.41450000,211241.00000000,1653341219999,87501.93370000,164,80141.00000000,33199.84220000,0
1653341220000,0.41460000,0.41510000,0.41460000,0.41480000,405525.00000000,1653341399999,168268.89880000,175,225625.00000000,93638.05070000,0
1653341400000,0.41480000,0.41490000,0.41460000,0.41470000,213109.00000000,1653341579999,88388.69010000,140,43403.00000000,18004.64820000,0
1653341580000,0.41470000,0.41550000,0.41460000,0.41490000,288026.00000000,1653341759999,119579.82620000,235,149962.00000000,62258.47050000,0
1653341760000,0.41500000,0.41500000,0.41460000,0.41470000,154085.00000000,1653341939999,63902.71620000,100,76988.00000000,31928.18060000,0
1653341940000,0.41470000,0.41480000,0.41420000,0.41430000,257374.00000000,1653342119999,106690.33980000,161,79750.00000000,33065.36770000,0
1653342120000,0.41420000,0.41440000,0.41420000,0.41430000,255701.00000000,1653342299999,105935.67360000,114,137746.00000000,57077.27980000,0
1653342300000,0.41450000,0.41460000,0.41420000,0.41420000,302610.00000000,1653342479999,125350.00260000,134,12251.00000000,5076.29730000,0
1653342480000,0.41420000,0.41430000,0.41390000,0.41390000,344594.00000000,1653342659999,142700.49900000,176,141198.00000000,58484.32360000,0
1653342660000,0.41400000,0.41450000,0.41390000,0.41450000,62953.00000000,1653342839999,26071.24300000,80,29750.00000000,12320.79700000,0
1653342840000,0.41440000,0.41470000,0.41400000,0.41450000,341487.00000000,1653343019999,141503.43670000,198,209076.00000000,86644.06330000,0
1653343020000,0.41450000,0.41460000,0.41350000,0.41350000,535441.00000000,1653343199999,221599.72470000,226,79533.00000000,32936.06410000,0
1653343200000,0.41350000,0.41360000,0.41130000,0.41130000,2569178.00000000,1653343379999,1058824.04760000,1079,951957.00000000,392288.95820000,0
1653343380000,0.41130000,0.41150000,0.40960000,0.40970000,692527.00000000,1653343559999,284540.69540000,460,163541.00000000,67154.76210000,0
1653343560000,0.40970000,0.41110000,0.40970000,0.41110000,789112.00000000,1653343739999,323696.83290000,364,559749.00000000,229625.45330000,0
1653343740000,0.41120000,0.41150000,0.41040000,0.41120000,470910.00000000,1653343919999,193514.16580000,183,214365.00000000,88036.10250000,0
1653343920000,0.41130000,0.41230000,0.41110000,0.41160000,583397.00000000,1653344099999,240146.51850000,338,399075.00000000,164226.25120000,0
1653344100000,0.41170000,0.41180000,0.40970000,0.40970000,402747.00000000,1653344279999,165464.14610000,302,203244.00000000,83497.09620000,0
1653344280000,0.40970000,0.41040000,0.40970000,0.41030000,709074.00000000,1653344459999,290850.82590000,356,337102.00000000,138263.51050000,0
1653344460000,0.41030000,0.41030000,0.40910000,0.40920000,802455.00000000,1653344639999,328927.70810000,453,405545.00000000,166265.81140000,0
1653344640000,0.40920000,0.40960000,0.40780000,0.40930000,1678901.00000000,1653344819999,686415.24330000,805,667569.00000000,272907.06810000,0
1653344820000,0.40930000,0.40930000,0.40790000,0.40800000,744250.00000000,1653344999999,303977.99550000,506,331906.00000000,135509.40270000,0
1653345000000,0.40800000,0.40850000,0.40610000,0.40620000,1522444.00000000,1653345179999,620270.87450000,809,444851.00000000,181331.44540000,0
1653345180000,0.40610000,0.40680000,0.40420000,0.40630000,1500320.00000000,1653345359999,608163.44650000,1351,816252.00000000,330903.34900000,0
1653345360000,0.40630000,0.40900000,0.40630000,0.40880000,961623.00000000,1653345539999,392302.69070000,652,560247.00000000,228470.69630000,0
1653345540000,0.40870000,0.40880000,0.40790000,0.40800000,693761.00000000,1653345719999,283329.58130000,428,239613.00000000,97874.13720000,0
1653345720000,0.40800000,0.40860000,0.40690000,0.40690000,404536.00000000,1653345899999,164943.03840000,335,111126.00000000,45338.50850000,0
1653345900000,0.40690000,0.40760000,0.40640000,0.40670000,772098.00000000,1653346079999,314393.12170000,493,451995.00000000,184074.87500000,0
1653346080000,0.40660000,0.40690000,0.40570000,0.40590000,758291.00000000,1653346259999,307988.59770000,472,385688.00000000,156630.72540000,0
1653346260000,0.40580000,0.40660000,0.40560000,0.40660000,617483.00000000,1653346439999,250803.28150000,414,381349.00000000,154898.99330000,0
1653346440000,0.40650000,0.40770000,0.40650000,0.40750000,696367.00000000,1653346619999,283629.46470000,392,455046.00000000,185334.83890000,0
1653346620000,0.40740000,0.40820000,0.40730000,0.40750000,697333.00000000,1653346799999,284281.07610000,446,373477.00000000,152257.17220000,0
1653346800000,0.40750000,0.40750000,0.40620000,0.40650000,739861.00000000,1653346979999,300947.35540000,479,389664.00000000,158511.25400000,0
1653346980000,0.40640000,0.40660000,0.40580000,0.40580000,459622.00000000,1653347159999,186727.20350000,324,214507.00000000,87163.66100000,0
1653347160000,0.40570000,0.40580000,0.40500000,0.40570000,642746.00000000,1653347339999,260626.06050000,408,353957.00000000,143530.80400000,0
1653347340000,0.40580000,0.40600000,0.40500000,0.40570000,713486.00000000,1653347519999,289315.41590000,445,495443.00000000,200893.41160000,0
1653347520000,0.40570000,0.40600000,0.40470000,0.40470000,970433.00000000,1653347699999,393266.85450000,538,500141.00000000,202650.94560000,0
1653347700000,0.40470000,0.40550000,0.40430000,0.40430000,1316623.00000000,1653347879999,533113.58050000,594,556686.00000000,225414.48070000,0
1653347880000,0.40420000,0.40440000,0.40020000,0.40360000,3712723.00000000,1653348059999,1493452.87160000,2655,2117294.00000000,851722.73790000,0
1653348060000,0.40370000,0.40490000,0.40270000,0.40490000,1473097.00000000,1653348239999,594935.54800000,785,663631.00000000,267950.62670000,0
1653348240000,0.40490000,0.40520000,0.40350000,0.40410000,1439180.00000000,1653348419999,582121.29600000,747,732737.00000000,296337.87350000,0
1653348420000,0.40420000,0.40420000,0.40320000,0.40360000,854891.00000000,1653348599999,345209.38420000,506,460782.00000000,186073.76350000,0
1653348600000,0.40370000,0.40530000,0.40340000,0.40510000,1165635.00000000,1653348779999,471475.24950000,665,725894.00000000,293575.26340000,0
1653348780000,0.40520000,0.40570000,0.40490000,0.40530000,777517.00000000,1653348959999,315152.81480000,491,436255.00000000,176839.53380000,0
1653348960000,0.40520000,0.40520000,0.40420000,0.40440000,819605.00000000,1653349139999,331629.13990000,479,306932.00000000,124177.96510000,0
1653349140000,0.40440000,0.40500000,0.40410000,0.40460000,1078175.00000000,1653349319999,436218.67220000,527,689963.00000000,279162.64610000,0
1653349320000,0.40460000,0.40540000,0.40410000,0.40520000,1091314.00000000,1653349499999,441934.42940000,497,908245.00000000,367796.12590000,0
1653349500000,0.40510000,0.40590000,0.40470000,0.40500000,1282841.00000000,1653349679999,519956.83430000,658,734970.00000000,297893.99200000,0
1653349680000,0.40500000,0.40530000,0.40460000,0.40520000,814448.00000000,1653349859999,329759.74760000,409,390741.00000000,158205.81800000,0
1653349860000,0.40520000,0.40550000,0.40430000,0.40440000,1244467.00000000,1653350039999,504066.27120000,480,314035.00000000,127163.87070000,0
1653350040000,0.40430000,0.40480000,0.40420000,0.40450000,378988.00000000,1653350219999,153307.85050000,248,223826.00000000,90542.54410000,0
1653350220000,0.40450000,0.40520000,0.40440000,0.40520000,844105.00000000,1653350399999,341611.70910000,445,593489.00000000,240208.18890000,0
