1617062400000,5.80700000,5.81860000,5.78500000,5.79140000,15273.06000000,1617062699999,88604.20398500,270,11565.68000000,67117.32844200,0
1617062700000,5.79640000,5.79640000,5.76380000,5.77030000,6988.49000000,1617062999999,40396.31677000,116,3091.06000000,17867.15435900,0
1617063000000,5.77030000,5.77030000,5.74160000,5.74640000,6037.32000000,1617063299999,34707.16363900,214,1618.52000000,9305.28236600,0
1617063300000,5.74400000,5.75020000,5.73530000,5.73920000,3444.51000000,1617063599999,19776.78069400,106,773.35000000,4442.00043500,0
1617063600000,5.73560000,5.75990000,5.72860000,5.75840000,13368.27000000,1617063899999,76776.63649800,194,8585.14000000,49329.42050700,0
1617063900000,5.75840000,5.77720000,5.75780000,5.77460000,19080.77000000,1617064199999,110022.82447300,159,13654.67000000,78735.80673700,0
1617064200000,5.77560000,5.77710000,5.76190000,5.76470000,2435.44000000,1617064499999,14054.08228000,50,748.30000000,4320.38530000,0
1617064500000,5.76960000,5.78070000,5.76900000,5.77640000,2211.56000000,1617064799999,12771.75803900,50,609.57000000,3521.46770500,0
1617064800000,5.77650000,5.79700000,5.77460000,5.79550000,4944.35000000,1617065099999,28605.52458300,139,3124.88000000,18081.40509000,0
1617065100000,5.79570000,5.79570000,5.77210000,5.79300000,13869.67000000,1617065399999,80206.03378200,173,6581.16000000,38061.20449800,0
1617065400000,5.79160000,5.79340000,5.77700000,5.78950000,3537.99000000,1617065699999,20465.68641300,71,2168.09000000,12542.96482600,0
1617065700000,5.78830000,5.79380000,5.77560000,5.78720000,7097.17000000,1617065999999,41064.40604400,77,4179.55000000,24201.58053700,0
1617066000000,5.78750000,5.78750000,5.75470000,5.75630000,3578.79000000,1617066299999,20645.50748200,73,1011.62000000,5836.22692300,0
1617066300000,5.75690000,5.76150000,5.75120000,5.75370000,1311.54000000,1617066599999,7547.24614600,44,251.00000000,1445.69924500,0
1617066600000,5.76020000,5.78690000,5.75120000,5.78080000,6009.59000000,1617066899999,34649.43483200,105,4181.22000000,24115.02026200,0
1617066900000,5.78420000,5.79020000,5.77140000,5.78270000,2891.47000000,1617067199999,16713.60744700,50,841.51000000,4866.33375300,0
1617067200000,5.77950000,5.77950000,5.75660000,5.75730000,5916.78000000,1617067499999,34141.55384200,64,1477.23000000,8528.02956100,0
1617067500000,5.75660000,5.76330000,5.74640000,5.76330000,7562.39000000,1617067799999,43519.66845800,95,4750.89000000,27347.04467500,0
1617067800000,5.75780000,5.76260000,5.74530000,5.76260000,3186.41000000,1617068099999,18340.05721700,67,2117.00000000,12187.56294300,0
1617068100000,5.76250000,5.77770000,5.75320000,5.77330000,10977.27000000,1617068399999,63276.72946500,126,7973.86000000,45989.20922400,0
1617068400000,5.77480000,5.77620000,5.76300000,5.76310000,2763.52000000,1617068699999,15941.04729300,68,1427.36000000,8237.16997400,0
1617068700000,5.76550000,5.77660000,5.76000000,5.77660000,7189.40000000,1617068999999,41441.49293600,83,4892.70000000,28206.66650700,0
1617069000000,5.77770000,5.80730000,5.77400000,5.80660000,16798.77000000,1617069299999,97214.92893200,220,13582.77000000,78589.62765400,0
1617069300000,5.80540000,5.85000000,5.80430000,5.84210000,16764.17000000,1617069599999,97681.51911700,326,13174.81000000,76774.11298600,0
1617069600000,5.84170000,5.84960000,5.82030000,5.82600000,9585.32000000,1617069899999,55954.15959600,176,4039.47000000,23586.41840700,0
1617069900000,5.82580000,5.83980000,5.78640000,5.79480000,7728.26000000,1617070199999,44913.06476200,163,2217.48000000,12900.61401500,0
1617070200000,5.79260000,5.82240000,5.79020000,5.80590000,8926.35000000,1617070499999,51823.26549800,134,4300.65000000,24967.26722100,0
1617070500000,5.80680000,5.89630000,5.79270000,5.89480000,22765.09000000,1617070799999,133062.00728900,390,13968.49000000,81699.79063500,0
1617070800000,5.89290000,5.98500000,5.89290000,5.98000000,58982.95000000,1617071099999,350236.04367700,800,38777.32000000,230145.38347400,0
1617071100000,5.98100000,5.99000000,5.93370000,5.95440000,26389.82000000,1617071399999,157239.52981500,518,14559.53000000,86729.81390600,0
1617071400000,5.95080000,5.95080000,5.86070000,5.87010000,49685.07000000,1617071699999,293243.26657700,768,12471.59000000,73469.14085500,0
1617071700000,5.87010000,5.87140000,5.83400000,5.86440000,16778.08000000,1617071999999,98262.86311900,369,5761.08000000,33741.48594000,0
1617072000000,5.85660000,5.93450000,5.85430000,5.90620000,42075.16000000,1617072299999,248435.58580000,675,24485.30000000,144540.78211600,0
1617072300000,5.90300000,5.93680000,5.87200000,5.88250000,19342.03000000,1617072599999,114160.61513400,379,7800.89000000,46035.91472600,0
1617072600000,5.88320000,5.90610000,5.83150000,5.84400000,32350.08000000,1617072899999,189484.22686200,695,12881.90000000,75479.09630100,0
1617072900000,5.84400000,5.87120000,5.83570000,5.86590000,18151.12000000,1617073199999,106320.45008400,159,16855.32000000,98739.24789500,0
1617073200000,5.85930000,5.85930000,5.80300000,5.81320000,33324.63000000,1617073499999,194007.89542800,385,6016.29000000,35012.86932200,0
1617073500000,5.81780000,5.82590000,5.80000000,5.81640000,17944.82000000,1617073799999,104239.96843900,352,6127.19000000,35621.87865800,0
1617073800000,5.81030000,5.82330000,5.78700000,5.79300000,14147.73000000,1617074099999,82157.90070600,230,3529.21000000,20519.39089900,0
1617074100000,5.78870000,5.80060000,5.75910000,5.76880000,23532.79000000,1617074399999,135863.73355100,385,6466.01000000,37346.33582300,0
1617074400000,5.76750000,5.78760000,5.76050000,5.78130000,10277.95000000,1617074699999,59372.05340500,167,5734.05000000,33124.05265300,0
1617074700000,5.78530000,5.79050000,5.76520000,5.77700000,17743.77000000,1617074999999,102491.72950600,150,7025.00000000,40593.08700500,0
1617075000000,5.77670000,5.77770000,5.76890000,5.76910000,2711.51000000,1617075299999,15651.22404400,44,363.27000000,2097.78526900,0
1617075300000,5.77240000,5.79580000,5.77240000,5.78170000,3096.48000000,1617075599999,17915.61491000,74,2323.77000000,13446.95943800,0
1617075600000,5.78040000,5.79040000,5.77070000,5.78540000,3401.94000000,1617075899999,19661.53626800,62,1376.48000000,7960.20466700,0
1617075900000,5.78620000,5.78620000,5.77160000,5.77800000,2481.73000000,1617076199999,14337.42356900,48,206.46000000,1193.11165800,0
1617076200000,5.77830000,5.77870000,5.76000000,5.76110000,8186.54000000,1617076499999,47236.71548700,102,631.77000000,3646.75279500,0
1617076500000,5.76160000,5.77770000,5.76150000,5.77770000,3503.88000000,1617076799999,20207.78066800,59,2829.98000000,16321.82051400,0
1617076800000,5.77400000,5.77590000,5.73790000,5.74270000,7569.28000000,1617077099999,43539.28030400,171,592.17000000,3408.56435300,0
1617077100000,5.74230000,5.79380000,5.74200000,5.78660000,6304.55000000,1617077399999,36399.33203400,114,3767.42000000,21737.11056900,0
1617077400000,5.78660000,5.78930000,5.77110000,5.77110000,2872.95000000,1617077699999,16600.81496900,53,494.32000000,2859.93240500,0
1617077700000,5.77090000,5.77090000,5.74540000,5.77030000,7910.61000000,1617077999999,45535.65044400,199,3332.99000000,19198.81947800,0
1617078000000,5.77070000,5.77560000,5.76020000,5.77110000,4449.47000000,1617078299999,25678.83166000,108,2685.00000000,15496.72380600,0
1617078300000,5.76810000,5.79770000,5.76000000,5.79360000,10736.28000000,1617078599999,62018.42820300,134,7061.79000000,40814.32290300,0
1617078600000,5.79420000,5.79800000,5.78480000,5.79340000,2658.06000000,1617078899999,15395.55466600,45,1353.85000000,7844.70317400,0
1617078900000,5.79000000,5.79540000,5.77400000,5.77700000,6292.07000000,1617079199999,36385.56832700,94,1568.66000000,9078.33129600,0
1617079200000,5.77700000,5.78620000,5.77410000,5.77640000,2122.21000000,1617079499999,12263.99347100,58,507.78000000,2936.24208400,0
1617079500000,5.77790000,5.79140000,5.76620000,5.79140000,19877.40000000,1617079799999,114874.68562400,198,8208.64000000,47472.32883600,0
1617079800000,5.78750000,5.78820000,5.77820000,5.78550000,2892.26000000,1617080099999,16723.67207400,53,771.04000000,4459.11404700,0
1617080100000,5.78550000,5.78820000,5.78270000,5.78340000,1295.17000000,1617080399999,7492.13253600,33,725.91000000,4199.78275800,0
1617080400000,5.78310000,5.80420000,5.77700000,5.80420000,7852.31000000,1617080699999,45475.93222700,119,4567.63000000,26437.35871200,0
1617080700000,5.80380000,5.81990000,5.80260000,5.80570000,5245.37000000,1617080999999,30469.39967800,105,3258.89000000,18935.39281600,0
1617081000000,5.80560000,5.82820000,5.80020000,5.81090000,33536.06000000,1617081299999,194958.15658500,199,19642.11000000,114213.71639000,0
1617081300000,5.80950000,5.81020000,5.79640000,5.80700000,6905.14000000,1617081599999,40067.00361900,95,2789.88000000,16194.48428200,0
1617081600000,5.80260000,5.81640000,5.79970000,5.81360000,6772.48000000,1617081899999,39329.39285300,87,4671.88000000,27133.36605600,0
1617081900000,5.81060000,5.83000000,5.81060000,5.83000000,1259.56000000,1617082199999,7334.05785400,44,946.40000000,5510.17453600,0
1617082200000,5.82740000,5.83050000,5.81410000,5.82120000,2893.05000000,1617082499999,16843.60884500,69,1053.53000000,6134.57280500,0
1617082500000,5.81800000,5.83150000,5.81800000,5.83150000,3400.50000000,1617082799999,19820.63983100,92,2633.62000000,15352.52367300,0
1617082800000,5.83150000,5.83240000,5.82970000,5.83030000,2953.32000000,1617083099999,17222.06832600,58,1903.69000000,11101.24384200,0
1617083100000,5.83010000,5.83020000,5.81490000,5.81650000,2602.00000000,1617083399999,15152.01071100,60,626.23000000,3647.43786400,0
1617083400000,5.81650000,5.82970000,5.81120000,5.82970000,2236.79000000,1617083699999,13023.96817800,44,1605.53000000,9349.86712500,0
1617083700000,5.82950000,5.84040000,5.82660000,5.83330000,7365.02000000,1617083999999,42957.83840000,110,2677.94000000,15620.71832600,0
1617084000000,5.82460000,5.83210000,5.82170000,5.82430000,7065.57000000,1617084299999,41190.17137200,67,6186.73000000,36071.49532300,0
1617084300000,5.82320000,5.82320000,5.80230000,5.80500000,8668.17000000,1617084599999,50411.12828800,104,853.93000000,4963.31495600,0
1617084600000,5.80500000,5.81000000,5.79730000,5.80020000,3192.04000000,1617084899999,18524.31382300,58,980.50000000,5692.24256800,0
1617084900000,5.80390000,5.80520000,5.79800000,5.79940000,1112.23000000,1617085199999,6453.71953300,42,598.21000000,3471.67498600,0
1617085200000,5.80450000,5.80460000,5.78130000,5.78430000,6471.26000000,1617085499999,37472.43242600,122,2077.85000000,12032.66925900,0
1617085500000,5.78470000,5.80510000,5.78260000,5.80420000,4208.44000000,1617085799999,24393.90768700,93,3277.67000000,18999.28188400,0
1617085800000,5.80320000,5.81070000,5.79000000,5.80010000,16113.28000000,1617086099999,93396.09947600,174,8885.75000000,51508.45966100,0
1617086100000,5.79540000,5.81230000,5.79540000,5.80710000,3863.08000000,1617086399999,22427.70759300,77,2223.78000000,12910.53964600,0
1617086400000,5.80930000,5.82450000,5.80930000,5.82180000,11084.33000000,1617086699999,64419.87016900,98,3782.98000000,21995.35034100,0
1617086700000,5.82180000,5.87730000,5.81860000,5.87160000,27748.92000000,1617086999999,162351.96561300,402,17510.57000000,102368.70745400,0
1617087000000,5.86850000,5.95890000,5.86850000,5.90560000,53430.59000000,1617087299999,315843.83243800,829,24637.33000000,145596.46210100,0
1617087300000,5.91030000,5.91270000,5.89000000,5.90270000,10223.16000000,1617087599999,60351.70355800,170,5704.41000000,33679.27189500,0
1617087600000,5.90300000,5.90300000,5.85010000,5.86010000,12091.46000000,1617087899999,70979.73136400,207,5099.46000000,29912.17088400,0
1617087900000,5.85380000,5.86170000,5.85000000,5.85380000,4992.87000000,1617088199999,29237.31126000,88,2471.19000000,14470.65743300,0
1617088200000,5.85210000,5.89150000,5.84860000,5.88680000,25324.71000000,1617088499999,148879.09912200,217,20494.63000000,120495.14195900,0
1617088500000,5.88300000,5.88550000,5.86660000,5.88000000,6340.52000000,1617088799999,37254.48850300,68,1607.72000000,9449.89468300,0
1617088800000,5.88000000,5.88620000,5.87060000,5.87060000,3035.83000000,1617089099999,17847.67494900,79,686.70000000,4037.73061000,0
1617089100000,5.87060000,5.90710000,5.87060000,5.90630000,3465.69000000,1617089399999,20402.79154400,85,2098.00000000,12349.32615700,0
1617089400000,5.90360000,5.94690000,5.89800000,5.93860000,12126.27000000,1617089699999,71842.91681800,191,8488.66000000,50286.89559500,0
1617089700000,5.93770000,5.94250000,5.92900000,5.93490000,6768.90000000,1617089999999,40176.07425600,113,2449.73000000,14543.20087500,0
1617090000000,5.93660000,5.94100000,5.92920000,5.93850000,31229.34000000,1617090299999,185497.02593300,147,11244.69000000,66795.47997700,0
1617090300000,5.93820000,5.97510000,5.92710000,5.97460000,21774.16000000,1617090599999,129545.91393100,261,16892.27000000,100538.84697400,0
1617090600000,5.97590000,5.99370000,5.96380000,5.98410000,19985.11000000,1617090899999,119530.54845400,319,16775.15000000,100351.19328500,0
1617090900000,5.98630000,6.09690000,5.98410000,6.08630000,86141.70000000,1617091199999,519985.07817900,1655,60267.80000000,363668.84974000,0
1617091200000,6.08630000,6.22300000,6.05820000,6.15500000,209243.90000000,1617091499999,1287168.71496400,2477,130043.02000000,800836.29853900,0
1617091500000,6.15170000,6.24890000,6.11370000,6.23490000,111878.32000000,1617091799999,693020.00969500,1866,59463.96000000,368310.50946400,0
1617091800000,6.24100000,6.25370000,6.20790000,6.22800000,109191.75000000,1617092099999,680971.10106200,1550,52372.72000000,326833.32497000,0
1617092100000,6.22800000,6.25280000,6.18460000,6.20530000,81958.38000000,1617092399999,509377.43196100,1205,35076.29000000,218054.29332900,0
1617092400000,6.20490000,6.25240000,6.18670000,6.23380000,86849.69000000,1617092699999,540171.25788300,1175,51409.37000000,319664.08918100,0
1617092700000,6.23380000,6.33510000,6.21810000,6.32880000,114456.53000000,1617092999999,719053.48670100,1880,69204.90000000,434834.63305300,0
1617093000000,6.32090000,6.35000000,6.27010000,6.28110000,121433.99000000,1617093299999,766457.48578900,1896,61658.26000000,389380.57455700,0
1617093300000,6.28110000,6.28260000,6.25370000,6.26200000,44039.70000000,1617093599999,275987.93025800,799,18353.68000000,115037.25153800,0
1617093600000,6.25660000,6.26940000,6.23210000,6.26830000,52922.63000000,1617093899999,330742.72061100,806,24184.50000000,151199.64521900,0
1617093900000,6.26820000,6.33390000,6.25990000,6.32660000,56624.92000000,1617094199999,357229.43503100,983,32353.88000000,204096.25496400,0
1617094200000,6.32260000,6.33190000,6.27190000,6.31230000,54609.45000000,1617094499999,344504.09341600,856,27526.16000000,173683.53841800,0
1617094500000,6.31270000,6.32490000,6.28100000,6.31580000,68232.54000000,1617094799999,430225.53472900,731,29705.22000000,187402.58700600,0
1617094800000,6.31600000,6.41820000,6.31490000,6.41820000,88380.86000000,1617095099999,561705.52063500,1194,38004.74000000,241713.58906000,0
1617095100000,6.41350000,6.43040000,6.31880000,6.32780000,66817.60000000,1617095399999,425890.63541800,1226,27892.07000000,177784.68132500,0
1617095400000,6.32540000,6.34500000,6.27100000,6.27100000,32680.50000000,1617095699999,206220.23715000,770,12075.32000000,76275.70309200,0
1617095700000,6.27100000,6.30970000,6.23100000,6.30340000,68087.31000000,1617095999999,426449.86264000,981,33542.04000000,209991.45577200,0
1617096000000,6.30650000,6.33000000,6.27000000,6.27600000,49399.91000000,1617096299999,311424.34468900,756,16913.02000000,106642.34735100,0
1617096300000,6.27660000,6.29880000,6.26480000,6.27320000,13965.31000000,1617096599999,87713.74472900,282,5583.01000000,35086.95776300,0
1617096600000,6.27760000,6.28440000,6.25790000,6.27930000,20682.66000000,1617096899999,129727.94021900,299,9132.28000000,57305.67259900,0
1617096900000,6.27910000,6.29070000,6.26270000,6.28770000,16965.99000000,1617097199999,106513.05259800,247,9583.55000000,60192.61244300,0
1617097200000,6.28770000,6.31340000,6.28260000,6.30900000,14496.49000000,1617097499999,91325.76965600,234,9103.77000000,57346.02421600,0
1617097500000,6.30280000,6.33000000,6.29400000,6.32980000,18967.13000000,1617097799999,119660.44585200,291,12344.01000000,77901.70871100,0
1617097800000,6.32720000,6.34470000,6.28210000,6.29410000,34786.74000000,1617098099999,219828.60757200,439,14637.86000000,92512.73492900,0
1617098100000,6.29090000,6.29810000,6.25610000,6.26650000,19708.14000000,1617098399999,123595.46250200,315,6925.66000000,43425.27473300,0
1617098400000,6.26670000,6.27160000,6.23570000,6.24250000,25108.67000000,1617098699999,157068.76749300,376,10488.17000000,65638.88094600,0
1617098700000,6.24740000,6.26570000,6.24390000,6.25050000,21712.06000000,1617098999999,135787.92684100,365,11404.26000000,71323.58506100,0
1617099000000,6.25800000,6.29210000,6.25440000,6.28080000,22877.95000000,1617099299999,143528.58890900,276,15202.17000000,95357.60345900,0
1617099300000,6.28080000,6.32000000,6.28040000,6.32000000,23256.89000000,1617099599999,146363.00064900,288,12701.89000000,79976.08896100,0
1617099600000,6.32000000,6.34460000,6.31370000,6.31370000,30810.90000000,1617099899999,194994.93099600,303,14396.23000000,91103.36814700,0
1617099900000,6.31020000,6.31650000,6.28660000,6.30800000,15640.60000000,1617100199999,98529.95397700,232,6508.66000000,40998.77210600,0
1617100200000,6.30620000,6.33960000,6.28740000,6.33210000,15939.92000000,1617100499999,100472.86548600,238,9037.14000000,56955.20222100,0
1617100500000,6.33750000,6.36930000,6.33210000,6.35000000,23185.64000000,1617100799999,147375.43160100,315,17118.12000000,108835.03986200,0
1617100800000,6.35010000,6.36780000,6.31250000,6.31250000,22223.70000000,1617101099999,140919.27560100,228,7930.06000000,50320.08084800,0
1617101100000,6.31250000,6.37950000,6.30000000,6.37420000,37017.05000000,1617101399999,234867.33376600,387,25523.67000000,161943.89152000,0
1617101400000,6.37570000,6.39830000,6.34430000,6.36650000,24601.57000000,1617101699999,156754.12679000,401,9268.24000000,59017.04907700,0
1617101700000,6.36170000,6.36340000,6.32350000,6.33340000,19249.14000000,1617101999999,121972.19980900,218,3480.93000000,22069.60081700,0
1617102000000,6.33260000,6.33340000,6.29250000,6.29930000,38976.78000000,1617102299999,246320.25742700,292,22875.42000000,144613.90730800,0
1617102300000,6.29860000,6.30170000,6.26710000,6.29500000,26558.98000000,1617102599999,166947.39122200,423,12935.08000000,81336.71551900,0
1617102600000,6.29500000,6.29880000,6.27410000,6.27750000,13613.67000000,1617102899999,85547.26780000,208,2288.09000000,14382.39629100,0
1617102900000,6.27750000,6.29200000,6.25430000,6.25430000,18331.35000000,1617103199999,114974.50159000,373,8655.67000000,54267.06525900,0
1617103200000,6.25440000,6.26760000,6.25020000,6.26760000,15053.73000000,1617103499999,94187.77178300,246,8861.81000000,55456.69056900,0
1617103500000,6.26160000,6.27180000,6.25590000,6.26540000,11195.60000000,1617103799999,70122.67710000,291,6898.80000000,43212.67898800,0
1617103800000,6.26930000,6.29550000,6.25960000,6.26860000,13717.89000000,1617104099999,86033.50629700,400,9808.40000000,61528.50855200,0
1617104100000,6.27520000,6.28690000,6.25970000,6.26420000,11599.17000000,1617104399999,72749.05680000,228,7087.89000000,44466.44321500,0
1617104400000,6.26580000,6.28520000,6.26580000,6.28020000,8065.50000000,1617104699999,50642.31406500,189,6187.84000000,38861.94127400,0
1617104700000,6.28340000,6.28640000,6.25960000,6.26680000,13798.32000000,1617104999999,86553.19678100,239,6286.44000000,39442.75475900,0
1617105000000,6.26940000,6.27040000,6.23600000,6.24140000,26789.25000000,1617105299999,167364.71758800,401,12349.19000000,77165.21218800,0
1617105300000,6.23870000,6.24710000,6.21510000,6.22210000,19105.75000000,1617105599999,119080.21154500,302,6432.87000000,40082.27598300,0
1617105600000,6.22390000,6.25730000,6.21550000,6.25730000,22677.41000000,1617105899999,141492.01174500,352,8258.91000000,51525.76499800,0
1617105900000,6.25420000,6.25880000,6.23230000,6.24240000,11167.71000000,1617106199999,69713.68593800,154,2998.98000000,18716.07640500,0
1617106200000,6.24500000,6.29950000,6.24500000,6.28690000,20295.94000000,1617106499999,127418.71564800,202,16840.60000000,105727.48373400,0
1617106500000,6.28720000,6.30000000,6.25950000,6.27430000,16731.55000000,1617106799999,105232.71499700,251,8229.05000000,51795.49464300,0
1617106800000,6.27020000,6.28530000,6.22060000,6.22420000,15709.43000000,1617107099999,98111.49676500,296,2561.76000000,15993.75521800,0
1617107100000,6.22770000,6.23000000,6.18080000,6.18460000,25986.50000000,1617107399999,161192.67365400,539,5817.82000000,36117.18818800,0
1617107400000,6.18060000,6.21190000,6.16110000,6.19400000,44171.34000000,1617107699999,272933.11123500,649,25928.94000000,160208.98547400,0
1617107700000,6.19380000,6.21220000,6.19110000,6.19170000,9040.45000000,1617107999999,56072.05198700,199,4009.26000000,24870.58307500,0
1617108000000,6.19460000,6.21000000,6.19130000,6.19800000,6276.16000000,1617108299999,38912.07908600,171,3104.25000000,19249.44956300,0
1617108300000,6.19800000,6.20550000,6.19220000,6.19700000,9106.03000000,1617108599999,56438.50604500,168,3728.50000000,23113.70412800,0
1617108600000,6.19850000,6.20560000,6.18020000,6.18140000,12986.50000000,1617108899999,80466.13953400,159,8933.50000000,55372.75936000,0
1617108900000,6.18080000,6.18270000,6.09910000,6.10140000,66454.62000000,1617109199999,407189.07800500,807,14304.86000000,87600.08771300,0
1617109200000,6.10700000,6.13860000,6.10530000,6.12210000,31861.95000000,1617109499999,195043.82775700,409,24514.00000000,150077.53797400,0
1617109500000,6.11850000,6.12280000,6.09440000,6.10150000,25841.59000000,1617109799999,157748.72017700,427,13572.63000000,82856.53935200,0
1617109800000,6.09620000,6.12300000,6.09620000,6.10930000,21263.14000000,1617110099999,129904.90399800,194,6418.96000000,39233.02242600,0
1617110100000,6.11490000,6.12590000,6.10000000,6.12210000,14002.60000000,1617110399999,85539.24683100,179,3122.01000000,19096.43301900,0
1617110400000,6.12600000,6.14590000,6.12110000,6.14000000,19136.11000000,1617110699999,117362.01340900,147,14249.39000000,87370.84638000,0
1617110700000,6.14020000,6.15520000,6.12560000,6.13230000,40282.50000000,1617110999999,247141.58720600,322,19040.68000000,116811.94651500,0
1617111000000,6.13030000,6.14320000,6.10000000,6.10750000,48323.79000000,1617111299999,295662.32006100,483,17575.91000000,107563.68278500,0
1617111300000,6.10360000,6.12560000,6.08310000,6.09500000,78781.96000000,1617111599999,480475.25515300,776,51577.58000000,314520.53367000,0
1617111600000,6.09500000,6.10000000,6.01500000,6.01570000,67762.51000000,1617111899999,410341.83213500,742,16086.86000000,97446.44298700,0
1617111900000,6.01570000,6.04950000,6.01570000,6.04130000,14659.33000000,1617112199999,88413.18237200,294,8919.84000000,53816.97294500,0
1617112200000,6.03920000,6.04830000,6.03660000,6.03750000,13679.60000000,1617112499999,82660.88880600,206,5262.32000000,31800.19190700,0
1617112500000,6.03750000,6.04270000,5.99430000,5.99430000,43267.67000000,1617112799999,260090.28092300,535,8356.53000000,50324.76634700,0
1617112800000,5.99410000,6.04740000,5.99270000,6.03470000,33610.70000000,1617113099999,202686.81411400,379,23644.11000000,142569.86419700,0
1617113100000,6.03480000,6.03580000,5.99950000,5.99950000,16435.68000000,1617113399999,98865.60994900,250,5863.83000000,35290.47671200,0
1617113400000,6.00200000,6.00200000,5.97190000,6.00000000,32640.21000000,1617113699999,195234.51399800,561,15295.11000000,91482.55753700,0
1617113700000,5.99990000,6.09360000,5.99990000,6.06990000,49751.88000000,1617113999999,301357.27639200,468,35570.93000000,215311.19466600,0
1617114000000,6.06520000,6.07950000,6.00960000,6.02940000,18652.00000000,1617114299999,112571.45576700,254,6845.20000000,41247.52213500,0
1617114300000,6.02610000,6.05840000,6.01740000,6.05360000,10301.18000000,1617114599999,62137.45753700,217,5005.21000000,30196.59644300,0
1617114600000,6.05360000,6.11430000,6.05100000,6.10370000,18640.66000000,1617114899999,113322.70894500,282,10509.47000000,63896.17364000,0
1617114900000,6.10510000,6.25050000,6.10170000,6.22260000,67513.55000000,1617115199999,417320.41174900,1130,42391.70000000,261867.04477700,0
1617115200000,6.21930000,6.22640000,6.16290000,6.18250000,47111.99000000,1617115499999,291657.77551000,732,15617.90000000,96767.67337800,0
1617115500000,6.18180000,6.23220000,6.15500000,6.21200000,38245.77000000,1617115799999,237012.67516600,510,16415.26000000,101647.86431300,0
1617115800000,6.21000000,6.34870000,6.20000000,6.28830000,115348.65000000,1617116099999,724078.68535600,1502,71936.57000000,451499.49253000,0
1617116100000,6.28850000,6.53870000,6.28570000,6.51710000,519209.10000000,1617116399999,3339711.54696600,7048,324544.64000000,2087676.47820700,0
1617116400000,6.51740000,6.69900000,6.39020000,6.68230000,494513.75000000,1617116699999,3251434.00684800,5948,284552.55000000,1874661.87945400,0
1617116700000,6.68070000,6.69070000,6.45700000,6.56970000,274070.19000000,1617116999999,1802533.84246800,3402,113609.28000000,747594.31013800,0
1617117000000,6.56970000,6.58870000,6.48270000,6.48700000,141036.18000000,1617117299999,923370.14354000,1605,72296.20000000,473492.45499200,0
1617117300000,6.49010000,6.58310000,6.48250000,6.51770000,127625.91000000,1617117599999,834424.51077600,1528,71135.66000000,465040.16705200,0
1617117600000,6.51740000,6.55000000,6.45700000,6.49910000,112719.76000000,1617117899999,733244.20468000,1117,49256.82000000,320592.06040800,0
1617117900000,6.49630000,6.50120000,6.40700000,6.41080000,76935.39000000,1617118199999,496455.92084400,934,28131.30000000,181690.88227100,0
1617118200000,6.41380000,6.50000000,6.38860000,6.44880000,70034.16000000,1617118499999,452197.80942700,1120,37163.60000000,239967.45402600,0
1617118500000,6.44600000,6.48900000,6.41580000,6.46000000,61985.12000000,1617118799999,399947.23604900,742,31881.98000000,205734.72395600,0
1617118800000,6.46000000,6.49970000,6.46000000,6.49100000,31287.31000000,1617119099999,202761.94022800,466,14007.73000000,90811.87125800,0
1617119100000,6.48780000,6.60000000,6.47690000,6.53080000,80725.01000000,1617119399999,528028.70150500,1337,36972.01000000,241698.93057100,0
1617119400000,6.53100000,6.53100000,6.45020000,6.47210000,84062.35000000,1617119699999,544408.34752000,1026,36048.92000000,233536.68400800,0
1617119700000,6.47160000,6.49220000,6.42900000,6.43310000,25786.67000000,1617119999999,166668.82014000,383,9297.76000000,60130.82022900,0
1617120000000,6.43360000,6.50000000,6.43360000,6.46680000,42369.86000000,1617120299999,274499.83635600,682,18968.23000000,122936.72574200,0
1617120300000,6.46850000,6.53200000,6.45090000,6.52360000,22270.33000000,1617120599999,144328.03808600,356,13835.09000000,89766.28395700,0
1617120600000,6.52360000,6.56820000,6.49840000,6.50640000,40714.76000000,1617120899999,266108.08617300,657,21348.28000000,139666.17558200,0
1617120900000,6.50330000,6.54290000,6.48800000,6.54210000,14972.53000000,1617121199999,97432.59260000,271,9530.64000000,62045.49063900,0
1617121200000,6.54210000,6.55010000,6.47620000,6.47620000,15248.12000000,1617121499999,99474.67649900,244,4732.95000000,30937.67513800,0
1617121500000,6.47790000,6.51440000,6.46010000,6.47910000,27170.24000000,1617121799999,176285.18582900,401,14301.51000000,92801.99783800,0
1617121800000,6.48060000,6.48060000,6.44180000,6.44830000,17336.10000000,1617122099999,111909.69106000,317,6614.40000000,42709.11815300,0
1617122100000,6.44790000,6.47360000,6.40970000,6.44170000,43831.71000000,1617122399999,282102.35739000,707,29803.36000000,191787.13039100,0
1617122400000,6.44900000,6.45150000,6.41030000,6.44720000,16742.34000000,1617122699999,107686.25448600,266,9845.17000000,63339.05430200,0
1617122700000,6.44160000,6.46540000,6.43330000,6.46540000,14176.91000000,1617122999999,91371.92602800,190,6003.73000000,38721.30327700,0
1617123000000,6.46490000,6.49900000,6.46140000,6.48230000,19852.83000000,1617123299999,128759.74261900,395,13070.06000000,84767.83275400,0
1617123300000,6.48230000,6.49010000,6.44470000,6.46660000,15298.32000000,1617123599999,99028.86619600,204,4899.68000000,31725.04540000,0
1617123600000,6.46570000,6.54930000,6.46430000,6.54930000,20811.63000000,1617123899999,135643.81615900,451,11533.88000000,75108.76478100,0
1617123900000,6.54920000,6.54990000,6.50000000,6.50410000,26583.09000000,1617124199999,173384.93038800,307,13589.81000000,88679.02465000,0
1617124200000,6.50430000,6.56380000,6.50430000,6.52900000,33655.16000000,1617124499999,220125.97732900,378,23795.72000000,155644.53638100,0
1617124500000,6.52720000,6.52880000,6.44660000,6.45170000,46083.01000000,1617124799999,299108.97812000,576,11688.61000000,75807.51508700,0
1617124800000,6.45550000,6.48540000,6.44660000,6.46550000,13949.53000000,1617125099999,90188.49414500,233,7233.76000000,46777.42286500,0
1617125100000,6.47050000,6.52130000,6.45480000,6.50000000,18042.47000000,1617125399999,117162.36080400,277,11653.79000000,75708.43155500,0
1617125400000,6.49760000,6.52530000,6.49760000,6.52310000,6660.73000000,1617125699999,43360.80428100,213,1718.38000000,11190.59458200,0
1617125700000,6.52380000,6.55100000,6.50540000,6.50930000,24321.53000000,1617125999999,158878.23993200,395,16015.85000000,104673.20143700,0
1617126000000,6.51000000,6.51150000,6.45230000,6.47980000,27873.38000000,1617126299999,180513.94171300,519,14594.10000000,94510.60633000,0
1617126300000,6.48010000,6.48960000,6.47330000,6.47420000,5378.28000000,1617126599999,34858.01183000,184,2956.86000000,19169.10708700,0
1617126600000,6.47420000,6.47740000,6.45710000,6.45710000,6399.60000000,1617126899999,41378.76330200,165,2199.98000000,14227.67646300,0
1617126900000,6.45860000,6.46000000,6.42000000,6.42580000,20279.93000000,1617127199999,130632.35349800,361,7692.25000000,49539.60374100,0
1617127200000,6.43400000,6.45260000,6.42390000,6.45260000,6432.38000000,1617127499999,41407.82809600,217,3544.65000000,22833.09791900,0
1617127500000,6.44800000,6.48570000,6.43660000,6.43660000,20357.35000000,1617127799999,131617.89217000,324,11166.92000000,72235.70502800,0
1617127800000,6.43650000,6.44040000,6.37330000,6.37860000,35880.99000000,1617128099999,229543.61809500,676,10202.23000000,65250.47093400,0
1617128100000,6.37860000,6.39310000,6.37860000,6.39120000,5617.28000000,1617128399999,35873.08210200,212,3177.95000000,20299.80903700,0
1617128400000,6.39360000,6.39900000,6.32000000,6.32450000,43806.48000000,1617128699999,278722.80450200,553,14077.09000000,89610.42659700,0
1617128700000,6.32300000,6.40070000,6.31630000,6.39270000,58694.25000000,1617128999999,373295.20740900,548,33237.61000000,211779.15015700,0
1617129000000,6.39000000,6.39140000,6.34500000,6.36350000,12164.81000000,1617129299999,77379.23426400,314,5329.83000000,33879.64406900,0
1617129300000,6.36540000,6.37700000,6.35170000,6.36940000,2575.66000000,1617129599999,16390.80125200,119,1184.56000000,7539.47512300,0
1617129600000,6.37030000,6.38580000,6.36500000,6.37320000,11753.85000000,1617129899999,74926.47237800,168,4025.88000000,25664.54195900,0
1617129900000,6.37850000,6.37850000,6.34850000,6.35730000,11016.37000000,1617130199999,70091.72441000,209,1782.20000000,11335.16008500,0
1617130200000,6.35480000,6.36900000,6.34840000,6.36080000,10738.37000000,1617130499999,68280.99429800,131,5704.12000000,36279.26220000,0
1617130500000,6.35820000,6.36120000,6.34090000,6.35270000,10564.83000000,1617130799999,67107.20232600,166,5287.52000000,33578.01940100,0
1617130800000,6.35710000,6.37130000,6.35180000,6.37100000,16782.47000000,1617131099999,106787.71835900,253,13260.41000000,84394.52443800,0
1617131100000,6.36860000,6.47760000,6.36220000,6.47170000,85330.52000000,1617131399999,546157.71189700,984,69569.85000000,445095.83312600,0
1617131400000,6.47170000,6.47790000,6.40190000,6.42740000,30085.56000000,1617131699999,193733.73756900,686,11783.87000000,75967.65100200,0
1617131700000,6.42810000,6.44240000,6.40360000,6.41540000,15663.05000000,1617131999999,100596.94473100,377,7984.64000000,51279.27424800,0
1617132000000,6.41540000,6.41540000,6.37950000,6.38430000,19054.57000000,1617132299999,121731.67298300,562,5683.84000000,36307.60165000,0
1617132300000,6.38830000,6.42000000,6.38390000,6.38920000,9134.04000000,1617132599999,58441.31806800,294,4974.97000000,31835.76756100,0
1617132600000,6.39190000,6.40060000,6.38200000,6.38850000,11588.40000000,1617132899999,74068.56904200,414,5760.26000000,36831.05234400,0
1617132900000,6.38950000,6.39960000,6.38520000,6.39120000,3864.35000000,1617133199999,24704.08685900,195,2076.92000000,13280.00382900,0
1617133200000,6.39150000,6.40110000,6.39070000,6.40110000,2542.56000000,1617133499999,16262.75645100,156,974.85000000,6236.36096600,0
1617133500000,6.40110000,6.41000000,6.39090000,6.40280000,13930.65000000,1617133799999,89163.16396600,191,3694.06000000,23663.75925400,0
1617133800000,6.40180000,6.40180000,6.36730000,6.36880000,19582.16000000,1617134099999,125066.54961500,278,1197.74000000,7654.81629400,0
1617134100000,6.36940000,6.49940000,6.36920000,6.47170000,60996.86000000,1617134399999,395021.45498900,532,38897.72000000,251803.01758800,0
1617134400000,6.46940000,6.48290000,6.41010000,6.42370000,15733.95000000,1617134699999,101521.47017000,308,6123.17000000,39529.21352400,0
1617134700000,6.42360000,6.42640000,6.37590000,6.38030000,14646.36000000,1617134999999,93694.37855500,311,6886.57000000,44084.07250900,0
1617135000000,6.38070000,6.38070000,6.33960000,6.34520000,20781.03000000,1617135299999,132059.68887600,322,5301.45000000,33720.78286300,0
1617135300000,6.34520000,6.42370000,6.34520000,6.42360000,23184.09000000,1617135599999,148094.91806300,332,15407.60000000,98395.18955700,0
1617135600000,6.42080000,6.42080000,6.34250000,6.34250000,23267.64000000,1617135899999,148345.21927400,254,9720.67000000,61957.65792500,0
1617135900000,6.34360000,6.34740000,6.31770000,6.32660000,30577.40000000,1617136199999,193554.17068800,268,16724.42000000,105851.90525000,0
1617136200000,6.33000000,6.34910000,6.31750000,6.32970000,5662.02000000,1617136499999,35872.22171300,152,2671.40000000,16927.15315200,0
1617136500000,6.32770000,6.36650000,6.32770000,6.34970000,18524.25000000,1617136799999,117626.11247100,262,10072.96000000,63943.11168800,0
1617136800000,6.34870000,6.38280000,6.34320000,6.36700000,17535.83000000,1617137099999,111671.58169800,143,7351.15000000,46812.77511900,0
1617137100000,6.37460000,6.38210000,6.37080000,6.37920000,1246.26000000,1617137399999,7946.08365600,78,668.34000000,4262.20470300,0
1617137400000,6.38120000,6.38550000,6.36380000,6.38300000,4696.99000000,1617137699999,29971.21696600,82,3636.42000000,23206.21063500,0
1617137700000,6.38630000,6.39400000,6.37110000,6.39400000,16384.20000000,1617137999999,104590.17906000,144,12142.12000000,77508.64156500,0
1617138000000,6.39250000,6.39400000,6.36490000,6.39390000,30864.69000000,1617138299999,197231.03682900,219,27901.76000000,178322.16939400,0
1617138300000,6.39380000,6.39400000,6.37700000,6.39240000,22043.71000000,1617138599999,140897.17093400,165,17814.21000000,113878.99773300,0
1617138600000,6.39080000,6.39400000,6.37000000,6.38020000,11007.78000000,1617138899999,70293.04108900,153,2707.20000000,17302.50058700,0
1617138900000,6.38090000,6.38150000,6.33010000,6.33950000,10723.41000000,1617139199999,68028.21398300,207,1020.72000000,6479.29699700,0
1617139200000,6.33770000,6.34350000,6.33420000,6.34350000,5682.28000000,1617139499999,36019.76147700,81,4712.36000000,29873.22000900,0
1617139500000,6.34410000,6.34690000,6.33530000,6.34690000,1848.55000000,1617139799999,11721.88170600,55,679.27000000,4307.17945100,0
1617139800000,6.34480000,6.35000000,6.32500000,6.34180000,6869.41000000,1617140099999,43541.61749900,163,4029.41000000,25541.78452400,0
1617140100000,6.33800000,6.38800000,6.33800000,6.37680000,11701.51000000,1617140399999,74402.08016900,128,7440.88000000,47292.18493600,0
1617140400000,6.37690000,6.39100000,6.37140000,6.38720000,7826.44000000,1617140699999,50007.21666900,75,7348.88000000,46957.39692600,0
1617140700000,6.38860000,6.39100000,6.36280000,6.37090000,22930.36000000,1617140999999,146167.57522000,190,11017.24000000,70223.64345900,0
1617141000000,6.37000000,6.38500000,6.36140000,6.37770000,2997.27000000,1617141299999,19111.20339200,58,924.48000000,5895.86351400,0
1617141300000,6.37770000,6.37770000,6.36740000,6.37190000,5583.07000000,1617141599999,35586.03089900,65,1009.52000000,6435.18708400,0
1617141600000,6.37170000,6.39100000,6.35920000,6.35920000,6062.92000000,1617141899999,38666.27223300,197,1981.74000000,12642.27785900,0
1617141900000,6.36350000,6.36440000,6.32730000,6.33570000,5021.28000000,1617142199999,31846.93367200,122,2047.54000000,12997.31735600,0
1617142200000,6.33050000,6.35880000,6.33000000,6.35880000,3873.52000000,1617142499999,24580.42421700,86,3151.52000000,19996.09659500,0
1617142500000,6.36280000,6.38220000,6.36260000,6.38220000,4034.24000000,1617142799999,25714.36806500,93,2409.77000000,15362.95783200,0
1617142800000,6.38110000,6.43950000,6.38080000,6.41950000,84898.73000000,1617143099999,543138.51594200,550,70085.18000000,448144.67907700,0
1617143100000,6.41480000,6.41720000,6.37480000,6.37700000,10578.99000000,1617143399999,67695.45221000,126,2184.14000000,13971.07971300,0
1617143400000,6.37700000,6.38030000,6.31000000,6.31020000,44622.52000000,1617143699999,283474.18451300,589,5189.61000000,32844.82077200,0
1617143700000,6.31460000,6.31530000,6.28370000,6.29120000,42884.93000000,1617143999999,269973.73756900,544,5832.63000000,36714.53325200,0
1617144000000,6.29120000,6.31710000,6.28710000,6.30070000,23913.85000000,1617144299999,150702.15108900,204,20611.83000000,129893.45530800,0
1617144300000,6.30070000,6.30070000,6.27540000,6.27610000,14463.89000000,1617144599999,90885.07121800,244,4921.96000000,30918.36148000,0
1617144600000,6.27610000,6.28320000,6.26540000,6.27020000,8525.54000000,1617144899999,53477.18281100,128,1670.00000000,10474.19483400,0
1617144900000,6.27490000,6.27560000,6.26510000,6.27190000,3030.66000000,1617145199999,19004.04428200,79,839.91000000,5269.05059000,0
1617145200000,6.27190000,6.29930000,6.27190000,6.29420000,12294.99000000,1617145499999,77278.58124900,269,3667.83000000,23052.92527900,0
1617145500000,6.29470000,6.30000000,6.29000000,6.30000000,1662.29000000,1617145799999,10465.04750400,100,1340.51000000,8440.50668600,0
1617145800000,6.30000000,6.33120000,6.29930000,6.32980000,5901.39000000,1617146099999,37265.24862400,202,3553.31000000,22441.41514100,0
1617146100000,6.32980000,6.33990000,6.32940000,6.33770000,4013.03000000,1617146399999,25413.59286400,157,1858.98000000,11772.78510900,0
1617146400000,6.34000000,6.35380000,6.33780000,6.34790000,20321.84000000,1617146699999,128991.97991000,252,4649.02000000,29510.25772300,0
1617146700000,6.34800000,6.36600000,6.34790000,6.36100000,10026.35000000,1617146999999,63747.56634700,112,6678.11000000,42456.37890200,0
1617147000000,6.36350000,6.37120000,6.34340000,6.35770000,3443.31000000,1617147299999,21887.76180800,156,1702.92000000,10819.87454900,0
1617147300000,6.35770000,6.36340000,6.35140000,6.35600000,2647.81000000,1617147599999,16829.67299800,65,492.63000000,3132.61931500,0
1617147600000,6.35630000,6.36000000,6.34360000,6.34360000,2897.65000000,1617147899999,18412.22940300,67,799.75000000,5082.74079600,0
1617147900000,6.34360000,6.34880000,6.32820000,6.33270000,3281.85000000,1617148199999,20799.11920000,82,433.42000000,2746.39963100,0
1617148200000,6.33140000,6.35000000,6.33070000,6.34510000,3249.74000000,1617148499999,20607.40987400,77,1201.91000000,7623.42069200,0
1617148500000,6.33980000,6.35260000,6.33960000,6.34600000,2369.43000000,1617148799999,15029.59848700,59,653.05000000,4144.90542100,0
